0.863392, 0.292418, 0.048
0.464992, 0.81574, 0.063
0.660751, 0.439166, 0.0405
0.130752, 0.263851, 0.069
0.362806, 0.703651, 0.0615
0.480518, 0.372078, 0.0405
0.606804, 0.802911, 0.0435
0.0230101, 0.626419, 0.0225
0.878136, 0.844991, 0.0105
0.34098, 0.839755, 0.0195
0.821596, 0.557581, 0.069
0.815191, 0.211871, 0.045
0.878167, 0.868631, 0.012
0.482202, 0.606802, 0.0705
0.976377, 0.0531009, 0.0225
0.606518, 0.21604, 0.0375
0.180923, 0.98225, 0.0165
0.981718, 0.914044, 0.018
0.225587, 0.515181, 0.0195
0.550732, 0.416506, 0.042
0.0531329, 0.606717, 0.012
0.948034, 0.464755, 0.0495
0.433791, 0.188265, 0.033
0.183576, 0.0780723, 0.0165
0.0530502, 0.74945, 0.042
0.724328, 0.446478, 0.0225
0.737517, 0.180202, 0.0375
0.123525, 0.790769, 0.039
0.19925, 0.509824, 0.006
0.0307914, 0.595693, 0.009
0.503392, 0.930318, 0.0375
0.782784, 0.752431, 0.0615
0.302135, 0.254106, 0.0225
0.588951, 0.276099, 0.024
0.700411, 0.549693, 0.051
0.705516, 0.290171, 0.051
0.926841, 0.613572, 0.0375
0.496084, 0.173488, 0.03
0.69361, 0.0319957, 0.0315
0.326707, 0.372921, 0.0405
0.615675, 0.861667, 0.015
0.729363, 0.855544, 0.042
0.551714, 0.316704, 0.03
0.293705, 0.281004, 0.0045
0.354609, 0.613075, 0.0285
0.137012, 0.398376, 0.024
0.520218, 0.732599, 0.021
0.958327, 0.677443, 0.0225
0.671618, 0.703685, 0.024
0.7655, 0.651629, 0.0405
0.974954, 0.57505, 0.024
0.439865, 0.0699905, 0.0525
0.983424, 0.646603, 0.0165
0.91894, 0.388711, 0.0315
0.754128, 0.938221, 0.0435
0.4762, 0.730279, 0.0225
0.0909848, 0.394439, 0.021
0.266464, 0.206537, 0.036
0.271458, 0.679822, 0.0315
0.179146, 0.489743, 0.021
0.166107, 0.693451, 0.0195
0.98286, 0.821283, 0.0165
0.748533, 0.486639, 0.024
0.974339, 0.947417, 0.015
0.15541, 0.593835, 0.0405
0.51702, 0.277791, 0.015
0.283494, 0.611081, 0.0375
0.963802, 0.027449, 0.006
0.881645, 0.138396, 0.0495
0.490987, 0.889814, 0.0045
0.201319, 0.66721, 0.0195
0.746123, 0.37223, 0.0405
0.677357, 0.66838, 0.0105
0.151791, 0.655258, 0.021
0.61095, 0.171837, 0.006
0.644668, 0.32493, 0.018
0.21285, 0.0209096, 0.0195
0.296505, 0.934412, 0.0375
0.119198, 0.528342, 0.033
0.485999, 0.29343, 0.0195
0.559306, 0.590756, 0.0075
0.1455, 0.969944, 0.0195
0.538892, 0.221445, 0.024
0.257992, 0.117331, 0.0525
0.196635, 0.390648, 0.03
0.374899, 0.369155, 0.0075
0.241198, 0.886377, 0.0345
0.0175703, 0.830865, 0.0165
0.346948, 0.236437, 0.0255
0.193002, 0.308286, 0.006
0.485419, 0.248031, 0.0255
0.683822, 0.936648, 0.0255
0.933983, 0.0278382, 0.0225
0.833773, 0.0465048, 0.0465
0.89343, 0.812439, 0.024
0.170516, 0.174918, 0.027
0.548239, 0.254737, 0.0105
0.203932, 0.290531, 0.0075
0.151884, 0.0989316, 0.021
0.657953, 0.151317, 0.0345
0.340463, 0.500962, 0.0675
0.604567, 0.660628, 0.0555
0.416007, 0.122086, 0.0045
0.651346, 0.994984, 0.0045
0.159959, 0.46031, 0.0135
0.214044, 0.351961, 0.012
0.500251, 0.467894, 0.0225
0.472975, 0.435472, 0.0195
0.276685, 0.354556, 0.012
0.645313, 0.0282076, 0.0165
0.927856, 0.541764, 0.03
0.0476328, 0.139299, 0.0465
0.606443, 0.108206, 0.0315
0.556042, 0.780716, 0.0105
0.635122, 0.049181, 0.006
0.277424, 0.3048, 0.024
0.444662, 0.743025, 0.0105
0.7029, 0.709444, 0.0075
0.774373, 0.283114, 0.018
0.230764, 0.605076, 0.015
0.63564, 0.912617, 0.027
0.976825, 0.166756, 0.0225
0.0330304, 0.959956, 0.03
0.146971, 0.492891, 0.0105
0.265298, 0.853022, 0.006
0.548706, 0.982612, 0.0165
0.202548, 0.738587, 0.0285
0.360145, 0.26485, 0.0045
0.937127, 0.144783, 0.006
0.944035, 0.082878, 0.0105
0.869675, 0.200114, 0.0105
0.306425, 0.874407, 0.0225
0.108562, 0.138979, 0.0135
0.696469, 0.794475, 0.027
0.766371, 0.114601, 0.033
0.204039, 0.47568, 0.0075
0.635646, 0.984565, 0.0135
0.377895, 0.174361, 0.024
0.960699, 0.0916566, 0.0075
0.244924, 0.752802, 0.015
0.607217, 0.370435, 0.03
0.211749, 0.208779, 0.018
0.462094, 0.222223, 0.009
0.0317204, 0.913054, 0.0165
0.0163123, 0.0613914, 0.015
0.152669, 0.142638, 0.009
0.963823, 0.968853, 0.0075
0.811773, 0.817063, 0.009
0.564759, 0.0212474, 0.021
0.594425, 0.489035, 0.009
0.387785, 0.566913, 0.0075
0.519362, 0.497175, 0.009
0.39717, 0.552315, 0.009
0.796786, 0.389828, 0.012
0.576842, 0.865137, 0.0225
0.0388328, 0.24367, 0.024
0.842169, 0.861031, 0.024
0.609747, 0.488292, 0.006
0.103722, 0.343664, 0.015
0.367436, 0.875084, 0.024
0.280438, 0.567156, 0.006
0.52122, 0.516728, 0.0105
0.0201127, 0.330075, 0.0135
0.891056, 0.0612413, 0.012
0.191286, 0.695055, 0.0045
0.0249847, 0.354195, 0.0105
0.302371, 0.0611773, 0.018
0.508476, 0.0148027, 0.0135
0.818821, 0.992363, 0.0075
0.422865, 0.350218, 0.021
0.432394, 0.229748, 0.0075
0.823613, 0.355528, 0.0255
0.205148, 0.317353, 0.009
0.990152, 0.963768, 0.0075
0.786886, 0.425867, 0.024
0.820566, 0.471574, 0.0165
0.647145, 0.373133, 0.009
0.396612, 0.205563, 0.0075
0.808562, 0.283124, 0.0075
0.913084, 0.918908, 0.045
0.101688, 0.935618, 0.036
0.227632, 0.263265, 0.0225
0.827264, 0.130459, 0.0045
0.939762, 0.975722, 0.0165
0.980485, 0.774039, 0.0195
0.435942, 0.310745, 0.0195
0.642299, 0.604001, 0.012
0.655529, 0.0544345, 0.0105
0.991229, 0.0259434, 0.0075
0.527246, 0.991885, 0.006
0.249048, 0.0125302, 0.012
0.388668, 0.901051, 0.009
0.345554, 0.151263, 0.015
0.0662076, 0.0569306, 0.0345
0.449709, 0.975871, 0.024
0.972794, 0.249293, 0.027
0.926851, 0.765269, 0.033
0.182579, 0.945994, 0.0195
0.261164, 0.380819, 0.018
0.220336, 0.295225, 0.009
0.71985, 0.485998, 0.0045
0.650426, 0.395218, 0.0045
0.858043, 0.831513, 0.009
0.107051, 0.718921, 0.0195
0.604797, 0.323392, 0.0165
0.178451, 0.914511, 0.012
0.00639222, 0.518221, 0.006
0.0149299, 0.928178, 0.006
0.190213, 0.121144, 0.015
0.374045, 0.325903, 0.0255
0.0780946, 0.51584, 0.009
0.907238, 0.0524676, 0.006
0.917676, 0.190746, 0.0135
0.0809961, 0.603691, 0.015
0.856652, 0.425003, 0.0405
0.992157, 0.667165, 0.0045
0.273823, 0.0155688, 0.012
0.092767, 0.671373, 0.03
0.385554, 0.843344, 0.012
0.479579, 0.981695, 0.006
0.826781, 0.889498, 0.0075
0.700433, 0.372965, 0.0045
0.825042, 0.835949, 0.006
0.261414, 0.474417, 0.015
0.628687, 0.530149, 0.0225
0.282438, 0.717538, 0.0075
0.708816, 0.68813, 0.0135
0.129019, 0.0796597, 0.0075
0.731049, 0.600773, 0.0075
0.206682, 0.491408, 0.006
0.133544, 0.452739, 0.0135
0.39299, 0.953367, 0.036
0.895256, 0.020236, 0.0165
0.0696548, 0.447948, 0.036
0.183014, 0.805923, 0.021
0.0617843, 0.50139, 0.012
0.18793, 0.34189, 0.015
0.301693, 0.80575, 0.0195
0.569225, 0.114156, 0.006
0.238283, 0.363504, 0.0105
0.790472, 0.322352, 0.021
0.361968, 0.135008, 0.0075
0.142968, 0.910893, 0.012
0.972958, 0.987996, 0.012
0.388948, 0.292089, 0.0105
0.336376, 0.782641, 0.021
0.962506, 0.734861, 0.0135
0.271189, 0.271346, 0.009
0.0242773, 0.277775, 0.012
0.571572, 0.977251, 0.006
0.138618, 0.15208, 0.0075
0.93906, 0.82582, 0.0225
0.702313, 0.0812608, 0.018
0.967381, 0.34609, 0.0225
0.960333, 0.298826, 0.024
0.336634, 0.272403, 0.0105
0.94791, 0.21399, 0.015
0.59044, 0.96149, 0.018
0.00499897, 0.0117472, 0.0045
0.31423, 0.0317043, 0.0135
0.546965, 0.753981, 0.012
0.870806, 0.354248, 0.0135
0.213328, 0.591635, 0.006
0.85818, 0.902498, 0.012
0.286382, 0.736227, 0.0105
0.253845, 0.72868, 0.0105
0.166583, 0.542256, 0.012
0.0372915, 0.86952, 0.0255
0.347121, 0.921837, 0.0135
0.961128, 0.53012, 0.0045
0.0940398, 0.895638, 0.0045
0.810719, 0.451008, 0.006
0.654951, 0.972777, 0.009
0.557824, 0.932626, 0.0165
0.544065, 0.172734, 0.0165
0.960159, 0.410178, 0.006
0.629487, 0.753462, 0.0105
0.372251, 0.916445, 0.006
0.891242, 0.217408, 0.0165
0.0836862, 0.892493, 0.006
0.118085, 0.0191294, 0.018
0.531937, 0.101963, 0.033
0.0544833, 0.00649943, 0.006
0.963053, 0.868064, 0.0255
0.0523168, 0.359465, 0.0165
0.496888, 0.320915, 0.009
0.110739, 0.490646, 0.0045
0.174423, 0.853619, 0.027
0.247805, 0.562949, 0.021
0.596725, 0.749401, 0.0105
0.861785, 0.784713, 0.018
0.224977, 0.484271, 0.0105
0.902643, 0.691618, 0.03
0.946154, 0.715849, 0.0105
0.0256594, 0.688442, 0.024
0.806882, 0.857174, 0.0105
0.154325, 0.0419267, 0.024
0.578337, 0.491138, 0.006
0.68545, 0.741579, 0.015
0.93397, 0.155552, 0.0045
0.625719, 0.304679, 0.009
0.693187, 0.362775, 0.0075
0.0649007, 0.404451, 0.006
0.210894, 0.695735, 0.0105
0.401439, 0.264825, 0.018
0.881371, 0.654193, 0.012
0.12523, 0.34201, 0.006
0.206605, 0.972297, 0.0105
0.146042, 0.357625, 0.0165
0.362869, 0.993449, 0.006
0.411197, 0.153173, 0.0075
0.625127, 0.725014, 0.012
0.539474, 0.503927, 0.0105
0.993079, 0.124949, 0.006
0.249625, 0.430385, 0.03
0.783192, 0.257471, 0.009
0.311975, 0.194513, 0.0105
0.049347, 0.637989, 0.006
0.364055, 0.0426903, 0.027
0.604055, 0.449202, 0.0165
0.867553, 0.670435, 0.009
0.572478, 0.561631, 0.024
0.227621, 0.702094, 0.006
0.0576283, 0.289903, 0.0075
0.275187, 0.0613843, 0.006
0.573045, 0.515691, 0.018
0.382749, 0.993789, 0.0045
0.100982, 0.084472, 0.009
0.951204, 0.187671, 0.0105
0.551961, 0.464507, 0.006
0.495348, 0.0856438, 0.0045
0.0278904, 0.44724, 0.0045
0.668009, 0.380346, 0.012
0.119201, 0.170217, 0.018
0.967863, 0.401751, 0.0045
0.320396, 0.165642, 0.0135
0.440463, 0.129353, 0.006
0.949074, 0.112015, 0.015
0.763834, 0.455556, 0.0105
0.459768, 0.127033, 0.0075
0.4686, 0.316111, 0.009
0.628887, 0.263947, 0.015
0.104556, 0.858704, 0.0105
0.658679, 0.829656, 0.0135
0.232159, 0.813232, 0.0285
0.257644, 0.984845, 0.015
0.612205, 0.416597, 0.012
0.709039, 0.220242, 0.0105
0.344206, 0.175288, 0.009
0.574854, 0.480802, 0.0045
0.0421531, 0.556994, 0.03
0.700745, 0.642335, 0.024
0.101193, 0.581022, 0.015
0.800253, 0.45201, 0.0045
0.934748, 0.345749, 0.009
0.661895, 0.214048, 0.0165
0.887499, 0.0845059, 0.0045
0.108447, 0.839791, 0.0075
0.038663, 0.190189, 0.0045
0.819916, 0.158394, 0.0075
0.072285, 0.192862, 0.012
0.301076, 0.979225, 0.0075
0.926391, 0.318244, 0.015
0.61624, 0.0270307, 0.012
0.85913, 0.475808, 0.009
0.452489, 0.705318, 0.0105
0.807444, 0.904861, 0.0165
0.208785, 0.0646857, 0.012
0.576993, 0.0711644, 0.015
0.946937, 0.157998, 0.0075
0.545437, 0.795124, 0.006
0.854352, 0.698682, 0.015
0.846595, 0.721713, 0.009
0.0161178, 0.415538, 0.015
0.226488, 0.323138, 0.012
0.462304, 0.912857, 0.006
0.682304, 0.230796, 0.009
0.853491, 0.733908, 0.0045
0.0977177, 0.618265, 0.006
0.204733, 0.0912595, 0.006
0.575208, 0.0485091, 0.0075
0.358118, 0.419963, 0.015
0.528667, 0.97365, 0.0045
0.806677, 0.878456, 0.009
0.00637699, 0.865574, 0.0045
0.230406, 0.690771, 0.0045
0.235386, 0.289182, 0.0045
0.475994, 0.491592, 0.0105
0.372893, 0.290267, 0.0045
0.759659, 0.308577, 0.006
0.408877, 0.460623, 0.0105
0.734274, 0.0747611, 0.0135
0.0229424, 0.460734, 0.009
0.18236, 0.778521, 0.006
0.210209, 0.98704, 0.0045
0.442831, 0.527742, 0.0045
0.00609853, 0.874588, 0.0045
0.97277, 0.201265, 0.012
0.257654, 0.0440103, 0.018
0.24041, 0.628564, 0.0075
0.328965, 0.182369, 0.0045
0.117236, 0.117842, 0.009
0.251875, 0.845407, 0.0075
0.569472, 0.16514, 0.009
0.430831, 0.399048, 0.015
0.222389, 0.984411, 0.0075
0.0547143, 0.81471, 0.0225
0.277466, 0.799316, 0.0045
0.495911, 0.118406, 0.006
0.403596, 0.237046, 0.009
0.335294, 0.9573, 0.0075
0.776667, 0.853279, 0.0045
0.48696, 0.504011, 0.006
0.419405, 0.432185, 0.0195
0.786338, 0.4789, 0.0135
0.617679, 0.943919, 0.009
0.0185642, 0.0120177, 0.009
0.393706, 0.141357, 0.012
0.919767, 0.0795184, 0.0135
0.642693, 0.500009, 0.0105
0.733014, 0.0197084, 0.009
0.545043, 0.831059, 0.018
0.288219, 0.987974, 0.0075
0.42011, 0.133776, 0.0075
0.991534, 0.0783057, 0.006
0.893224, 0.841761, 0.0045
0.117737, 0.440233, 0.006
0.0109255, 0.3902, 0.0105
0.0046643, 0.501813, 0.0045
0.981209, 0.53372, 0.015
0.650256, 0.261454, 0.006
0.324, 0.0145296, 0.006
0.331163, 0.991585, 0.0075
0.987713, 0.601921, 0.0045
0.242298, 0.643856, 0.0075
0.761913, 0.235755, 0.012
0.563805, 0.185229, 0.006
0.540809, 0.687451, 0.0135
0.0891953, 0.863709, 0.0045
0.141891, 0.734228, 0.018
0.428898, 0.5162, 0.0135
0.215911, 0.565175, 0.0105
0.604946, 0.557699, 0.0075
0.646205, 0.743224, 0.009
0.535316, 0.0381773, 0.012
0.470944, 0.459538, 0.0045
0.821538, 0.674103, 0.0195
0.992513, 0.875779, 0.0045
0.710623, 0.112767, 0.0135
0.35038, 0.0791877, 0.0105
0.42431, 0.456736, 0.0045
0.751948, 0.0120536, 0.0105
0.144494, 0.43397, 0.0075
0.0705398, 0.89245, 0.006
0.863546, 0.963923, 0.021
0.552376, 0.905835, 0.0105
0.84711, 0.484508, 0.0045
0.0447415, 0.317576, 0.0135
0.756684, 0.0529931, 0.0165
0.24304, 0.488702, 0.0075
0.237243, 0.53864, 0.0045
0.42028, 0.992229, 0.0075
0.50608, 0.518243, 0.0045
0.988289, 0.381062, 0.0105
0.936781, 0.701765, 0.0045
0.397698, 0.884583, 0.0075
0.808437, 0.959456, 0.0135
0.721377, 0.132153, 0.0075
0.705254, 0.746908, 0.0045
0.560506, 0.727941, 0.0165
0.91157, 0.977121, 0.0105
0.872678, 0.738256, 0.015
0.178864, 0.449075, 0.0075
0.990723, 0.201485, 0.0045
0.517298, 0.301105, 0.0075
0.446918, 0.473928, 0.0225
0.326919, 0.14227, 0.0045
0.228825, 0.679036, 0.006
0.896985, 0.340425, 0.0105
0.928486, 0.86415, 0.009
0.444685, 0.257269, 0.015
0.621299, 0.569206, 0.012
0.444475, 0.437165, 0.006
0.90222, 0.0753932, 0.0045
0.419742, 0.22366, 0.0045
0.517166, 0.32921, 0.006
0.093124, 0.872145, 0.0045
0.105779, 0.604696, 0.009
0.278013, 0.335198, 0.006
0.0975626, 0.88251, 0.006
0.952345, 0.993639, 0.0045
0.828592, 0.104231, 0.0105
0.889384, 0.239394, 0.0045
0.335632, 0.305678, 0.0165
0.559716, 0.0601458, 0.0045
0.0900581, 0.626063, 0.0045
0.474537, 0.136266, 0.009
0.901886, 0.653859, 0.0075
0.539885, 0.0118679, 0.0045
0.498934, 0.7485, 0.0045
0.427781, 0.893098, 0.012
0.34077, 0.982579, 0.0045
0.450115, 0.891005, 0.009
0.41837, 0.536281, 0.009
0.753516, 0.987361, 0.0045
0.291301, 0.780871, 0.006
0.974515, 0.124251, 0.012
0.632507, 0.874817, 0.006
0.0778839, 0.543482, 0.0075
0.377912, 0.0930526, 0.009
0.36608, 0.83406, 0.006
0.288574, 0.0327019, 0.0105
0.385572, 0.107124, 0.006
0.62075, 0.966786, 0.009
0.0214727, 0.294253, 0.0045
0.674353, 0.349593, 0.015
0.398358, 0.779594, 0.012
0.856184, 0.37361, 0.0105
0.201835, 0.430003, 0.006
0.607501, 0.596924, 0.0075
0.993775, 0.324657, 0.006
0.67507, 0.758455, 0.0045
0.367321, 0.571122, 0.0075
0.455845, 0.5286, 0.0075
0.134935, 0.480436, 0.006
0.421747, 0.286241, 0.0075
0.155764, 0.338523, 0.0045
0.150625, 0.00831851, 0.0075
0.845163, 0.934915, 0.012
0.973091, 0.0802024, 0.0045
0.00788026, 0.597167, 0.0075
0.382678, 0.385406, 0.0105
0.412134, 0.915407, 0.006
0.484491, 0.00719109, 0.006
0.773286, 0.0160291, 0.0105
0.201325, 0.231443, 0.006
0.058411, 0.33337, 0.006
0.583232, 0.905232, 0.018
0.217392, 0.447848, 0.006
0.101349, 0.989285, 0.0105
0.0154767, 0.027819, 0.006
0.237345, 0.342262, 0.009
0.440427, 0.721939, 0.009
0.808131, 0.111103, 0.0075
0.38943, 0.598033, 0.009
0.986698, 0.68818, 0.0075
0.183627, 0.518267, 0.0075
0.135329, 0.887553, 0.012
0.513678, 0.0469581, 0.0105
0.646914, 0.109511, 0.0075
0.597014, 0.015454, 0.009
0.632172, 0.479879, 0.009
0.135349, 0.848202, 0.006
0.502003, 0.429303, 0.0075
0.281123, 0.392527, 0.0045
0.10728, 0.0486544, 0.006
0.367568, 0.00761666, 0.0075
0.778312, 0.078529, 0.0045
0.305506, 0.179576, 0.0045
0.697619, 0.98874, 0.0105
0.0831618, 0.338487, 0.006
0.204444, 0.622437, 0.015
0.435592, 0.282541, 0.006
0.681763, 0.970559, 0.0075
0.257613, 0.342049, 0.0105
0.982913, 0.62302, 0.006
0.590039, 0.586556, 0.006
0.0474111, 0.655261, 0.0105
0.658936, 0.794803, 0.009
0.144288, 0.474042, 0.0045
0.071207, 0.0127442, 0.009
0.0391126, 0.379538, 0.0075
0.352637, 0.574679, 0.006
0.933079, 0.246801, 0.012
0.498192, 0.976243, 0.0075
0.808158, 0.936783, 0.009
0.109971, 0.457832, 0.0045
0.680066, 0.0946773, 0.0075
0.701728, 0.481777, 0.0135
0.961359, 0.138692, 0.0075
0.293096, 0.839608, 0.0135
0.0111259, 0.534418, 0.0075
0.91332, 0.727918, 0.006
0.219094, 0.230797, 0.0045
0.537252, 0.778528, 0.0075
0.379795, 0.126468, 0.0075
0.466693, 0.692957, 0.0075
0.236033, 0.389412, 0.0075
0.639717, 0.578383, 0.0075
0.323564, 0.100874, 0.015
0.119878, 0.470106, 0.0075
0.230254, 0.846231, 0.0045
0.641293, 0.71922, 0.0045
0.527057, 0.254901, 0.009
0.180229, 0.895051, 0.0075
0.23302, 0.934207, 0.0135
0.0398189, 0.512669, 0.012
0.0130314, 0.47521, 0.0075
0.627549, 0.0406812, 0.0045
0.698423, 0.157488, 0.006
0.672131, 0.984838, 0.009
0.726484, 0.237359, 0.0045
0.202001, 0.302728, 0.0045
0.832109, 0.910508, 0.0075
0.839903, 0.646094, 0.0135
0.436514, 0.938622, 0.009
0.536468, 0.865045, 0.0165
0.0592939, 0.917639, 0.009
0.0146194, 0.900169, 0.0045
0.0753207, 0.365215, 0.006
0.227437, 0.662478, 0.006
0.457039, 0.276129, 0.0075
0.572612, 0.356782, 0.006
0.92593, 0.263147, 0.0045
0.478467, 0.995218, 0.0045
0.987345, 0.411337, 0.012
0.954223, 0.799846, 0.0075
0.972904, 0.378659, 0.0045
0.493766, 0.495281, 0.0045
0.56865, 0.195575, 0.0045
0.677345, 0.852539, 0.009
0.1963, 0.0998028, 0.006
0.544101, 0.14955, 0.006
0.97525, 0.00521657, 0.0045
0.89395, 0.471903, 0.0045
0.38971, 0.238689, 0.0045
0.450141, 0.930252, 0.006
0.0665059, 0.842802, 0.0075
0.0195337, 0.0906342, 0.009
0.497462, 0.0449304, 0.0045
0.115449, 0.0779533, 0.006
0.112333, 0.368436, 0.0105
0.565422, 0.248685, 0.0075
0.347763, 0.942461, 0.006
0.0262087, 0.396166, 0.0045
0.179484, 0.654789, 0.0045
0.0107867, 0.662242, 0.006
0.956597, 0.394771, 0.006
0.0270652, 0.799055, 0.009
0.390769, 0.414707, 0.0135
0.267556, 0.718393, 0.006
0.886089, 0.76735, 0.0075
0.192007, 0.772277, 0.0045
0.915594, 0.211252, 0.006
0.239035, 0.713281, 0.009
0.891577, 0.483033, 0.006
0.374369, 0.0780713, 0.006
0.0469056, 0.278613, 0.0075
0.503651, 0.993103, 0.006
0.0180542, 0.513367, 0.006
0.276129, 0.752263, 0.0075
0.251098, 0.323044, 0.0075
0.668215, 0.0772779, 0.0135
0.626843, 0.00920605, 0.0075
0.206553, 0.941874, 0.0045
0.556867, 0.47949, 0.009
0.636062, 0.944451, 0.0045
0.721503, 0.991885, 0.0075
0.646618, 0.87038, 0.0075
0.0260653, 0.0786504, 0.0045
0.611057, 0.302437, 0.0045
0.586032, 0.0353124, 0.0045
0.979346, 0.727715, 0.0045
0.669671, 0.889992, 0.0135
0.0685629, 0.380125, 0.0045
0.202719, 0.905542, 0.0075
0.278833, 0.869589, 0.0045
0.446438, 0.147764, 0.009
0.520027, 0.706853, 0.0045
0.270151, 0.808951, 0.0075
0.802646, 0.994444, 0.0045
0.781483, 0.888323, 0.012
0.826315, 0.948764, 0.006
0.14186, 0.929307, 0.0045
0.98864, 0.277279, 0.0045
0.603345, 0.518104, 0.0045
0.556289, 0.495024, 0.006
0.644407, 0.847651, 0.009
0.564442, 0.956411, 0.0075
0.117461, 0.088411, 0.0045
0.491193, 0.685382, 0.0075
0.00611333, 0.438459, 0.006
0.446389, 0.0079952, 0.0075
0.641224, 0.0615575, 0.0045
0.995495, 0.888136, 0.0045
0.974932, 0.101497, 0.009
0.534547, 0.802963, 0.006
0.0378223, 0.495059, 0.0045
0.800127, 0.132062, 0.0045
0.551118, 0.361218, 0.012
0.693386, 0.196756, 0.009
0.204846, 0.925787, 0.0105
0.136051, 0.837537, 0.0045
0.777466, 0.864525, 0.006
0.111949, 0.633547, 0.012
0.928136, 0.292133, 0.0075
0.680228, 0.116739, 0.006
0.361915, 0.276698, 0.006
0.872321, 0.234768, 0.009
0.58292, 0.721546, 0.006
0.295264, 0.432442, 0.0135
0.61971, 0.592174, 0.0045
0.19493, 0.462393, 0.0075
0.0394156, 0.213072, 0.006
0.0823637, 0.993111, 0.0045
0.217813, 0.646143, 0.006
0.057918, 0.674925, 0.0045
0.354065, 0.288609, 0.0075
0.343134, 0.328708, 0.0045
0.525392, 0.347619, 0.0105
0.0788144, 0.982071, 0.006
0.788097, 0.840194, 0.012
0.588425, 0.172324, 0.009
0.205876, 0.643463, 0.0045
0.338004, 0.893631, 0.0105
0.121382, 0.852585, 0.006
0.61995, 0.504153, 0.0045
0.566101, 0.463309, 0.006
0.500723, 0.87969, 0.009
0.188997, 0.0456914, 0.0105
0.0048841, 0.348591, 0.0045
0.200879, 0.143112, 0.009
0.0595719, 0.992132, 0.0075
0.650095, 0.293972, 0.0045
0.794373, 0.823135, 0.006
0.793873, 0.360832, 0.0045
0.295889, 0.713763, 0.006
0.976449, 0.0237054, 0.006
0.402683, 0.634702, 0.0135
0.480539, 0.697449, 0.006
0.247212, 0.956351, 0.012
0.836989, 0.98538, 0.0105
0.132773, 0.70913, 0.0075
0.427542, 0.68167, 0.006
0.136258, 0.860445, 0.006
0.00949335, 0.231558, 0.0075
0.185722, 0.427656, 0.0075
0.0545319, 0.196003, 0.006
0.78587, 0.987471, 0.012
0.547119, 0.955802, 0.009
0.904566, 0.85108, 0.009
0.375589, 0.807542, 0.021
0.0677174, 0.623894, 0.009
0.339654, 0.814664, 0.0045
0.708421, 0.730967, 0.009
0.220481, 0.961564, 0.006
0.603162, 0.475813, 0.006
0.651287, 0.083675, 0.0045
0.410631, 0.0140919, 0.0105
0.0276625, 0.482638, 0.0075
0.0112885, 0.576091, 0.006
0.545985, 0.886907, 0.006
0.169101, 0.751868, 0.006
0.989823, 0.990574, 0.0045
0.718001, 0.418605, 0.006
0.594695, 0.149469, 0.0105
0.737541, 0.988589, 0.0075
0.333825, 0.0532485, 0.0045
0.405974, 0.600829, 0.0045
0.00510894, 0.725812, 0.0045
0.38733, 0.220016, 0.009
0.60464, 0.0455884, 0.009
0.648379, 0.959195, 0.006
0.141463, 0.128616, 0.0075
0.990145, 0.300038, 0.0045
0.710417, 0.611196, 0.0075
0.167821, 0.896693, 0.0045
0.401509, 0.906738, 0.0045
0.892205, 0.742921, 0.0045
0.752455, 0.221571, 0.0045
0.289778, 0.00925815, 0.0045
0.194819, 0.63965, 0.0045
0.241154, 0.306003, 0.0105
0.914825, 0.993366, 0.006
0.639016, 0.563038, 0.006
0.258584, 0.517191, 0.0135
0.419448, 0.234794, 0.006
0.990124, 0.136247, 0.0045
0.26216, 0.792906, 0.0075
0.587283, 0.600303, 0.006
0.699649, 0.965528, 0.006
0.637976, 0.0792715, 0.009
0.854512, 0.813538, 0.009
0.550653, 0.19411, 0.0045
0.152524, 0.8952, 0.006
0.0847021, 0.489638, 0.0075
0.506941, 0.531048, 0.0075
0.192224, 0.546291, 0.0135
0.81007, 0.295418, 0.0045
0.0764311, 0.851388, 0.0045
0.741378, 0.422103, 0.006
0.961555, 0.374225, 0.006
0.314606, 0.284404, 0.009
0.87237, 0.716419, 0.006
0.690468, 0.605676, 0.0045
0.251405, 0.938595, 0.0045
0.654928, 0.769813, 0.0135
0.201344, 0.777217, 0.006
0.226405, 0.0628343, 0.0045
0.444002, 0.913096, 0.012
0.312579, 0.216785, 0.0105
0.538246, 0.534745, 0.0135
0.502052, 0.214795, 0.0105
0.881203, 0.634334, 0.0045
0.12481, 0.648327, 0.006
0.680291, 0.494261, 0.0075
0.893919, 0.356399, 0.0045
0.111909, 0.88536, 0.0075
0.152128, 0.995457, 0.0045
0.186942, 0.884346, 0.0045
0.0117023, 0.0420699, 0.0045
0.142982, 0.684175, 0.0045
0.210662, 0.180535, 0.009
0.793055, 0.867706, 0.006
0.0233873, 0.372039, 0.006
0.0358969, 0.409454, 0.0045
0.26915, 0.780413, 0.006
0.779503, 0.160194, 0.009
0.076092, 0.880472, 0.006
0.880144, 0.48514, 0.0045
0.200117, 0.586407, 0.0045
0.499711, 0.502207, 0.0045
0.911849, 0.223465, 0.0045
0.697098, 0.126085, 0.0045
0.386417, 0.623303, 0.0045
0.402603, 0.301241, 0.0045
0.590034, 0.466879, 0.006
0.599439, 0.538372, 0.0075
0.402414, 0.583215, 0.0105
0.660544, 0.622707, 0.012
0.225589, 0.5464, 0.006
0.0470864, 0.297755, 0.0045
0.199628, 0.451046, 0.0045
0.337271, 0.00932939, 0.0075
0.914691, 0.255688, 0.0075
0.869801, 0.762111, 0.0045
0.806793, 0.833198, 0.0075
0.74366, 0.231033, 0.006
0.935127, 0.0584114, 0.0075
0.431319, 0.750763, 0.0045
0.573955, 0.992674, 0.006
0.321893, 0.58348, 0.009
0.115004, 0.428977, 0.0045
0.841969, 0.827367, 0.0075
0.665432, 0.603137, 0.0075
0.941782, 0.266682, 0.0075
0.161457, 0.423273, 0.0105
0.937578, 0.173406, 0.009
0.164793, 0.726297, 0.006
0.126524, 0.695305, 0.0075
0.370607, 0.267397, 0.006
0.470478, 0.211433, 0.0045
0.445181, 0.687839, 0.0075
0.0072254, 0.263052, 0.006
0.5705, 0.0983271, 0.0045
0.558226, 0.805785, 0.0045
0.726367, 0.0931512, 0.006
0.378668, 0.771337, 0.0075
0.964764, 0.715207, 0.006
0.138563, 0.185519, 0.006
0.980597, 0.216941, 0.0045
0.982856, 0.0121308, 0.0045
0.212118, 0.77215, 0.0045
0.539646, 0.27232, 0.0075
0.166404, 0.512292, 0.0045
0.780896, 0.0443073, 0.006
0.900125, 0.24049, 0.006
0.823313, 0.143669, 0.0075
0.211733, 0.954787, 0.0045
0.458325, 0.508837, 0.012
0.122564, 0.0972439, 0.0045
0.0525573, 0.625013, 0.006
0.0151253, 0.2011, 0.015
0.574642, 0.597124, 0.006
0.887766, 0.990563, 0.009
0.306699, 0.77186, 0.0105
0.0590501, 0.214242, 0.0105
0.230448, 0.585393, 0.0045
0.233048, 0.00590687, 0.0045
0.357403, 0.116008, 0.0045
0.919541, 0.274582, 0.0075
0.48988, 0.703877, 0.0045
0.367428, 0.112017, 0.006
0.993251, 0.517933, 0.0045
0.663497, 0.860969, 0.006
0.796556, 0.148241, 0.0105
0.639072, 0.287626, 0.0075
0.16098, 0.902915, 0.0045
0.646014, 0.358316, 0.0045
0.745068, 0.0259789, 0.0045
0.223694, 0.630156, 0.0045
0.97998, 0.746718, 0.0075
0.21167, 0.435467, 0.0045
0.0450051, 0.0110456, 0.0045
0.412694, 0.409063, 0.0045
0.514691, 0.314468, 0.006
0.693328, 0.179501, 0.006
0.316793, 0.119993, 0.0045
0.313281, 0.834745, 0.006
0.0807785, 0.870274, 0.0045
0.992353, 0.713268, 0.0075
0.822608, 0.980047, 0.0045
0.108728, 0.749311, 0.0045
0.949576, 0.13343, 0.0045
0.165615, 0.763542, 0.006
0.860155, 0.760182, 0.0045
0.619489, 0.0552559, 0.0075
0.122958, 0.985792, 0.0075
0.572397, 0.755651, 0.012
0.223072, 0.95111, 0.0045
0.116429, 0.87331, 0.0045
0.61103, 0.742468, 0.0045
0.414314, 0.502423, 0.006
0.128656, 0.0581338, 0.006
0.664659, 0.649444, 0.0045
0.16208, 0.921692, 0.0045
0.377191, 0.257436, 0.0045
0.691404, 0.10266, 0.006
0.1741, 0.433306, 0.0045
0.981067, 0.703021, 0.0075
0.535588, 0.139641, 0.0045
0.110226, 0.101087, 0.0075
0.00742946, 0.452582, 0.006
0.234936, 0.654349, 0.0045
0.00501966, 0.770322, 0.0045
0.852212, 0.628384, 0.0075
0.529997, 0.475429, 0.0075
0.647393, 0.250053, 0.0045
0.12916, 0.433873, 0.0045
0.52727, 0.193241, 0.006
0.280972, 0.765194, 0.006
0.607088, 0.889857, 0.009
0.470449, 0.0101461, 0.0075
0.236121, 0.470194, 0.006
0.327825, 0.641623, 0.009
0.403205, 0.373232, 0.009
0.303366, 0.570356, 0.0075
0.109039, 0.0694054, 0.0045
0.328862, 0.073641, 0.0105
0.334595, 0.132333, 0.006
0.653245, 0.00848953, 0.0045
0.369314, 0.146309, 0.0045
0.681559, 0.617089, 0.0075
0.282222, 0.418857, 0.0045
0.695688, 0.908779, 0.0045
0.861548, 0.640955, 0.0075
0.216827, 0.539542, 0.0045
0.300098, 0.75324, 0.009
0.478854, 0.969061, 0.0045
0.262345, 0.831762, 0.006
0.310531, 0.987826, 0.0045
0.68363, 0.868841, 0.0045
0.356014, 0.10305, 0.0075
0.887532, 0.194857, 0.006
0.720421, 0.669439, 0.0075
0.810288, 0.638398, 0.006
0.816755, 0.649077, 0.0045
0.655272, 0.951232, 0.0045
0.0832846, 0.357432, 0.0045
0.479412, 0.881983, 0.0045
0.815637, 0.394541, 0.006
0.348192, 0.995105, 0.0045
0.535977, 0.70574, 0.0045
0.312426, 0.145818, 0.0075
0.183576, 0.102051, 0.0045
0.913828, 0.65759, 0.0045
0.0236378, 0.307053, 0.0075
0.975138, 0.614497, 0.0045
0.0693938, 0.861959, 0.006
0.154114, 0.512765, 0.0045
0.864377, 0.65328, 0.0045
0.696924, 0.898955, 0.0045
0.500747, 0.703204, 0.006
0.764184, 0.0303519, 0.006
0.0234882, 0.497069, 0.0075
0.667107, 0.111094, 0.006
0.570539, 0.141722, 0.0135
0.827062, 0.926214, 0.0075
0.59926, 0.0296965, 0.0045
0.493907, 0.0291086, 0.006
0.194125, 0.704351, 0.0045
0.119282, 0.483638, 0.006
0.776163, 0.82191, 0.0075
0.703005, 0.418844, 0.006
0.728381, 0.0495509, 0.006
0.350474, 0.95435, 0.006
0.233747, 0.991597, 0.0045
0.600487, 0.570772, 0.0045
0.280078, 0.787635, 0.006
0.690362, 0.210775, 0.0045
0.449407, 0.226849, 0.0045
0.462693, 0.287066, 0.0045
0.157632, 0.12869, 0.0045
0.0456109, 0.408524, 0.0045
0.216087, 0.943401, 0.0045
0.766231, 0.258414, 0.0075
0.211881, 0.0464581, 0.006
0.702487, 0.393686, 0.0075
0.398188, 0.826399, 0.0045
0.318846, 0.423002, 0.009
0.600926, 0.987632, 0.009
0.00774932, 0.780812, 0.006
0.280595, 0.890955, 0.0045
0.572642, 0.471648, 0.0045
0.17999, 0.141909, 0.006
0.409183, 0.289475, 0.0045
0.60362, 0.730557, 0.009
0.440988, 0.416128, 0.0045
0.681132, 0.602454, 0.0045
0.992429, 0.212676, 0.006
0.711728, 0.982622, 0.0045
0.428789, 0.143313, 0.0045
0.61793, 0.14797, 0.0045
0.988888, 0.0993406, 0.0045
0.579951, 0.983975, 0.0045
0.764566, 0.318422, 0.0045
0.232264, 0.965665, 0.0045
0.0252552, 0.383905, 0.0045
0.0795892, 0.502204, 0.0045
0.0772461, 0.705809, 0.0075
0.121123, 0.0483675, 0.006
0.597366, 0.930225, 0.0105
0.426429, 0.270459, 0.0075
0.994414, 0.802442, 0.0045
0.262048, 0.258286, 0.006
0.911273, 0.351382, 0.006
0.231312, 0.637568, 0.0045
0.606032, 0.0624643, 0.0075
0.896098, 0.522009, 0.006
0.898207, 0.0868928, 0.0045
0.12988, 0.139722, 0.0075
0.662224, 0.487578, 0.0075
0.617735, 0.47539, 0.006
0.227777, 0.179638, 0.0075
0.838483, 0.951433, 0.0045
0.710283, 0.916901, 0.0045
0.334928, 0.0222794, 0.0045
0.338194, 0.87581, 0.0045
0.372821, 0.356167, 0.0045
0.8934, 0.504064, 0.012
0.378709, 0.0137116, 0.0045
0.375071, 0.214339, 0.0045
0.548704, 0.0526682, 0.0075
0.995145, 0.346167, 0.0045
0.178611, 0.0193708, 0.009
0.112132, 0.0599263, 0.0045
0.976478, 0.715978, 0.0045
0.0777585, 0.836779, 0.0045
0.784141, 0.457784, 0.0075
0.414392, 0.245531, 0.0045
0.643396, 0.300892, 0.0045
0.780673, 0.0558754, 0.0045
0.279805, 0.853974, 0.006
0.0468706, 0.389411, 0.0045
0.812356, 0.265385, 0.0075
0.846966, 0.668378, 0.006
0.505561, 0.68938, 0.006
0.266201, 0.767418, 0.006
0.311489, 0.00565897, 0.0045
0.405744, 0.124326, 0.006
0.40858, 0.397838, 0.006
0.0809759, 0.558966, 0.0075
0.932604, 0.274665, 0.0045
0.142005, 0.0704632, 0.006
0.0170922, 0.991225, 0.0045
0.305639, 0.329136, 0.0075
0.00518277, 0.916095, 0.0045
0.15433, 0.933585, 0.0075
0.198344, 0.884163, 0.006
0.25178, 0.245707, 0.0045
0.773727, 0.0674618, 0.0045
0.274091, 0.973126, 0.0045
0.0945497, 0.838675, 0.006
0.131788, 0.683908, 0.0045
0.272837, 0.729712, 0.0045
0.0822442, 0.819423, 0.0045
0.648909, 0.728095, 0.006
0.415768, 0.297053, 0.0045
0.504111, 0.135055, 0.009
0.526057, 0.363946, 0.0045
0.434366, 0.377579, 0.0045
0.488059, 0.529779, 0.006
0.0636693, 0.392558, 0.0045
0.353303, 0.969632, 0.006
0.587257, 0.0492365, 0.0045
0.411869, 0.881198, 0.006
0.813356, 0.439244, 0.0045
0.602279, 0.1632, 0.0045
0.630684, 0.586499, 0.0045
0.316265, 0.317451, 0.006
0.974025, 0.39249, 0.006
0.243191, 0.0621221, 0.0045
0.422222, 0.255232, 0.0045
0.342235, 0.191162, 0.006
0.0780087, 0.575132, 0.0075
0.964403, 0.835919, 0.0045
0.526161, 0.00682945, 0.0045
0.242027, 0.772962, 0.0045
0.343573, 0.0976116, 0.0045
0.644787, 0.0926054, 0.0045
0.00557507, 0.247977, 0.0045
0.712141, 0.758465, 0.0075
0.877272, 0.383264, 0.006
0.686497, 0.877621, 0.0045
0.383375, 0.640626, 0.0045
0.34072, 0.973075, 0.0045
0.0183318, 0.446679, 0.0045
0.0545844, 0.687934, 0.0045
0.535207, 0.890479, 0.0045
0.403973, 0.312842, 0.006
0.665588, 0.747542, 0.0045
0.0472384, 0.995429, 0.0045
0.0630056, 0.588385, 0.0075
0.951639, 0.0696866, 0.0045
0.204222, 0.277019, 0.0045
0.46556, 0.950517, 0.0045
0.0884753, 0.850418, 0.006
0.26624, 0.8417, 0.0045
0.494613, 0.0957555, 0.0045
0.97013, 0.624646, 0.006
0.00848473, 0.292219, 0.0075
0.567006, 0.492965, 0.0045
0.322816, 0.134238, 0.0045
0.322911, 0.818147, 0.0045
0.790965, 0.34799, 0.0045
0.663444, 0.735102, 0.0075
0.811213, 0.0950665, 0.006
0.560129, 0.889938, 0.006
0.580477, 0.929232, 0.006
0.0972513, 0.100541, 0.0045
0.263987, 0.536484, 0.006
0.930075, 0.225767, 0.006
0.479867, 0.204711, 0.0045
0.302265, 0.0126984, 0.006
0.257297, 0.713281, 0.0045
0.423243, 0.915613, 0.0045
0.218208, 0.580252, 0.0045
0.501745, 0.0575825, 0.0045
0.966838, 0.0115689, 0.006
0.222229, 0.972035, 0.0045
0.917991, 0.234601, 0.006
0.921585, 0.0535263, 0.006
0.597889, 0.506398, 0.0075
0.622781, 0.176348, 0.0045
0.533998, 0.766171, 0.0045
0.388268, 0.367472, 0.0045
0.263151, 0.247657, 0.0045
0.00679755, 0.55637, 0.0045
0.212671, 0.843228, 0.006
0.0987806, 0.109627, 0.0045
0.269529, 0.821682, 0.0045
0.173201, 0.670146, 0.0045
0.457802, 0.326024, 0.0045
0.109343, 0.420409, 0.0045
0.0248279, 0.657275, 0.006
0.378126, 0.432459, 0.0075
0.254253, 0.92597, 0.0045
0.525943, 0.458679, 0.0045
0.579366, 0.738394, 0.0045
0.159712, 0.525787, 0.0045
0.163216, 0.00939468, 0.0045
0.265645, 0.738983, 0.0045
0.343867, 0.119714, 0.009
0.177882, 0.359826, 0.0045
0.389872, 0.353966, 0.006
0.312668, 0.974926, 0.0045
0.374777, 0.399667, 0.0045
0.0415572, 0.338621, 0.006
0.654396, 0.810985, 0.0045
0.00719556, 0.906108, 0.0045
0.449994, 0.42017, 0.0045
0.186545, 0.00778633, 0.0045
0.459513, 0.153372, 0.0045
0.812718, 0.308733, 0.0045
0.0443189, 0.201218, 0.0045
0.966884, 0.794786, 0.0045
0.73175, 0.226628, 0.006
0.235176, 0.976504, 0.006
0.991306, 0.751886, 0.0045
0.0529186, 0.401904, 0.0045
0.8131, 0.981603, 0.0045
0.805333, 0.162531, 0.0045
0.120848, 0.744867, 0.0045
0.409292, 0.475745, 0.0045
0.988848, 0.191293, 0.0045
0.390899, 0.00952665, 0.0075
0.00769758, 0.893965, 0.0045
0.729666, 0.416039, 0.0045
0.691969, 0.221184, 0.0045
0.2343, 0.056787, 0.0045
0.0336228, 0.426337, 0.0045
0.964737, 0.516613, 0.0045
0.0964937, 0.163668, 0.0045
0.0417107, 0.839108, 0.0045
0.757102, 0.425153, 0.0045
0.515777, 0.970936, 0.0045
0.401294, 0.849717, 0.0045
0.551744, 0.140406, 0.0045
0.802873, 0.98071, 0.0045
0.0287916, 0.0263146, 0.006
0.293254, 0.413489, 0.0045
0.831167, 0.968486, 0.006
0.46375, 0.901133, 0.0045
0.208013, 0.601989, 0.0045
0.520141, 0.687314, 0.006
0.299044, 0.727918, 0.0045
0.783899, 0.0700693, 0.0045
0.353478, 0.190904, 0.0045
0.407369, 0.898995, 0.0045
0.620242, 0.0738173, 0.0045
0.390802, 0.614472, 0.0045
0.671727, 0.643627, 0.0045
0.698654, 0.672957, 0.0045
0.512986, 0.677402, 0.006
0.526392, 0.0180218, 0.0045
0.436456, 0.706288, 0.0045
0.184711, 0.636169, 0.006
0.749624, 0.600708, 0.0105
0.490399, 0.516449, 0.006
0.865266, 0.217567, 0.0045
0.0628966, 0.638371, 0.006
0.117393, 0.896039, 0.0045
0.488499, 0.99322, 0.0045
0.229835, 0.235003, 0.0045
0.379727, 0.579708, 0.0075
0.708272, 0.139227, 0.006
0.0904574, 0.013106, 0.009
0.672042, 0.1956, 0.0045
0.249555, 0.293566, 0.0045
0.68572, 0.762395, 0.0045
0.863444, 0.927789, 0.0045
0.0651843, 0.522778, 0.0045
0.0608505, 0.699394, 0.0075
0.0359567, 0.295955, 0.006
0.985906, 0.313145, 0.0045
0.849701, 0.755759, 0.0045
0.258869, 0.494857, 0.0045
0.226051, 0.050428, 0.0045
0.355912, 0.982599, 0.006
0.991033, 0.090023, 0.0045
0.765342, 0.0739829, 0.006
0.362994, 0.910165, 0.0045
0.232084, 0.0432686, 0.0045
0.717062, 0.706085, 0.006
0.196232, 0.441301, 0.0045
0.0059671, 0.318036, 0.0045
0.541788, 0.482363, 0.006
0.179447, 0.462918, 0.0045
0.340504, 0.201703, 0.0045
0.15791, 0.0737393, 0.0045
0.52615, 0.14314, 0.0045
0.206137, 0.862749, 0.006
0.126386, 0.837793, 0.0045
0.616667, 0.159763, 0.006
0.52956, 0.788126, 0.0045
0.993968, 0.362574, 0.006
0.069453, 0.342993, 0.006
0.364748, 0.773756, 0.006
0.0118041, 0.795139, 0.006
0.844619, 0.89043, 0.0045
0.426888, 0.733996, 0.009
0.754074, 0.442578, 0.0045
0.96389, 0.812156, 0.0045
0.813101, 0.410115, 0.0045
0.589662, 0.735283, 0.0045
0.477239, 0.326808, 0.0045
0.433067, 0.692053, 0.0045
0.82274, 0.633004, 0.006
0.401213, 0.87109, 0.006
0.797648, 0.273656, 0.006
0.401052, 0.390382, 0.0045
0.906102, 0.0399362, 0.0045
0.349267, 0.0105528, 0.0045
0.902798, 0.572148, 0.009
0.807702, 0.137008, 0.0045
0.611565, 0.584635, 0.0045
0.65694, 0.0931756, 0.0045
0.254422, 0.779512, 0.0075
0.334421, 0.867511, 0.0045
0.429952, 0.924946, 0.006
0.659381, 0.236258, 0.0045
0.458904, 0.414193, 0.006
0.193207, 0.526737, 0.0045
0.414567, 0.386887, 0.0045
0.171095, 0.352969, 0.0045
0.396194, 0.994936, 0.0045
0.857704, 0.989051, 0.0045
0.313725, 0.129411, 0.0045
0.168628, 0.138696, 0.0045
0.308876, 0.300222, 0.0075
0.0063544, 0.307076, 0.006
0.466561, 0.886868, 0.0075
0.426727, 0.24646, 0.0045
0.752574, 0.0310256, 0.0045
0.659875, 0.872786, 0.0045
0.174737, 0.642871, 0.0045
0.690675, 0.115015, 0.0045
0.872164, 0.628974, 0.006
0.352864, 0.903384, 0.0045
0.64, 0.394817, 0.0045
0.928053, 0.207634, 0.0045
0.396458, 0.859761, 0.006
0.480472, 0.217269, 0.0045
0.425891, 0.00602832, 0.006
0.764608, 0.329398, 0.0045
0.994485, 0.113549, 0.0045
0.224564, 0.466362, 0.006
0.411628, 0.524051, 0.0045
0.487517, 0.209843, 0.0045
0.0101967, 0.361842, 0.006
0.698929, 0.761531, 0.006
0.641652, 0.00564417, 0.0045
0.0282905, 0.995066, 0.0045
0.279869, 0.82518, 0.006
0.204973, 0.529082, 0.0045
0.855283, 0.658296, 0.0045
0.208805, 0.240658, 0.0045
0.406327, 0.611758, 0.0045
0.646274, 0.946454, 0.0045
0.628731, 0.0656865, 0.006
0.995449, 0.937231, 0.0045
0.364588, 0.84463, 0.0045
0.414437, 0.486062, 0.006
0.00653179, 0.805334, 0.0045
0.737965, 0.0397864, 0.006
0.352062, 0.204886, 0.006
0.824181, 0.119924, 0.0045
0.055942, 0.901135, 0.0075
0.560687, 0.264054, 0.0045
0.811784, 0.124844, 0.006
0.976068, 0.970404, 0.0045
0.381055, 0.205727, 0.0045
0.168855, 0.779065, 0.0075
0.223683, 0.775764, 0.0075
0.129073, 0.124553, 0.0045
0.117714, 0.973608, 0.0045
0.0380669, 0.0180229, 0.0045
0.145679, 0.708368, 0.0045
0.654924, 0.986604, 0.0045
0.340715, 0.573652, 0.0045
0.578496, 0.460751, 0.006
0.796397, 0.461579, 0.0045
0.935265, 0.727289, 0.0045
0.607699, 0.499386, 0.0045
0.882639, 0.372305, 0.006
0.196759, 0.566146, 0.006
0.525793, 0.0614297, 0.0075
0.863025, 0.937259, 0.0045
0.0778385, 0.79285, 0.006
0.0265629, 0.217441, 0.0045
0.892655, 0.972485, 0.0075
0.65083, 0.27944, 0.0045
0.319627, 0.98314, 0.0045
0.165093, 0.442396, 0.0045
0.563732, 0.350204, 0.0045
0.7654, 0.990182, 0.0075
0.324697, 0.203568, 0.0045
0.556738, 0.27651, 0.0075
0.47508, 0.514913, 0.0045
0.473911, 0.529134, 0.0075
0.517122, 0.881008, 0.006
0.453643, 0.288009, 0.0045
0.323857, 0.0530146, 0.0045
0.254385, 0.275813, 0.006
0.94796, 0.145256, 0.0045
0.128636, 0.869253, 0.0045
0.932662, 0.661128, 0.0075
0.516239, 0.697335, 0.0045
0.636356, 0.954188, 0.0045
0.214439, 0.461502, 0.0045
0.324008, 0.973268, 0.006
0.0058229, 0.71451, 0.0045
0.399251, 0.360157, 0.0045
0.685063, 0.830654, 0.0075
0.902574, 0.990759, 0.0045
0.992545, 0.98094, 0.0045
0.167413, 0.885189, 0.0045
0.476825, 0.682029, 0.0045
0.0900952, 0.0925335, 0.0045
0.0270759, 0.0444047, 0.0045
0.2113, 0.784541, 0.006
0.623968, 0.285996, 0.0075
0.561792, 0.604544, 0.006
0.0105511, 0.373674, 0.0045
0.684796, 0.373796, 0.006
0.165208, 0.12213, 0.0045
0.413767, 0.325072, 0.0045
0.830748, 0.81527, 0.009
0.364628, 0.0901853, 0.0045
0.688108, 0.396969, 0.006
0.887402, 0.0443882, 0.0045
0.989991, 0.848902, 0.0075
0.652795, 0.346384, 0.0045
0.0793308, 0.636039, 0.0075
0.97551, 0.799862, 0.0045
0.281687, 0.0492446, 0.0045
0.619682, 0.995044, 0.0045
0.52103, 0.0293237, 0.0045
0.505108, 0.0663792, 0.0045
0.58803, 0.533811, 0.0045
0.949279, 0.0594872, 0.0045
0.815018, 0.842866, 0.0045
0.233528, 0.0331817, 0.0045
0.986347, 0.612473, 0.0045
0.454221, 0.678017, 0.0045
0.567295, 0.370943, 0.006
0.210354, 0.335707, 0.0045
0.992974, 0.550652, 0.0045
0.51425, 0.984757, 0.006
0.644789, 0.240155, 0.0045
0.0496625, 0.929449, 0.0045
0.258506, 0.357879, 0.0045
0.13994, 0.994989, 0.0045
0.169565, 0.523988, 0.0045
0.78364, 0.028023, 0.0045
0.0942919, 0.361802, 0.0045
0.141481, 0.694844, 0.0045
0.073803, 0.528704, 0.0045
0.626466, 0.338901, 0.0045
0.368759, 0.20303, 0.006
0.456345, 0.240587, 0.0045
0.958573, 0.0758759, 0.0045
0.657514, 0.851117, 0.0045
0.0889844, 0.187713, 0.0045
0.429745, 0.712682, 0.0045
0.484154, 0.124, 0.006
0.0606114, 0.308511, 0.0045
0.337137, 0.428576, 0.0045
0.101192, 0.492292, 0.0045
0.380644, 0.275568, 0.0045
0.800443, 0.293099, 0.0045
0.0996266, 0.119658, 0.0045
0.156234, 0.885243, 0.0045
0.920498, 0.33958, 0.006
0.644283, 0.196722, 0.0045
0.691115, 0.385909, 0.0045
0.493788, 0.420516, 0.0045
0.167125, 0.341795, 0.0045
0.460518, 0.933631, 0.0045
0.284295, 0.405839, 0.006
0.865346, 0.886588, 0.0045
0.349028, 0.812346, 0.0045
0.00542704, 0.0214204, 0.0045
0.00936979, 0.488002, 0.0045
0.41839, 0.375772, 0.0045
0.95528, 0.383264, 0.0045
0.235895, 0.734281, 0.0045
0.62053, 0.882956, 0.006
0.898399, 0.86902, 0.006
0.461874, 0.297889, 0.0045
0.666108, 0.809547, 0.006
0.548409, 0.808298, 0.0045
0.0264223, 0.434105, 0.006
0.615082, 0.00549231, 0.0045
0.513672, 0.236805, 0.0045
0.613492, 0.751866, 0.0045
0.791789, 0.373217, 0.0045
0.00558603, 0.0837513, 0.0045
0.206652, 0.99548, 0.0045
0.266755, 0.500064, 0.0045
0.933226, 0.0947463, 0.0045
0.962763, 0.542154, 0.0045
0.32971, 0.195365, 0.0045
0.090211, 0.974662, 0.0045
0.669234, 0.238822, 0.0045
0.457117, 0.139382, 0.0045
0.00463627, 0.757461, 0.0045
0.683746, 0.480311, 0.0045
0.697632, 0.721186, 0.0045
0.884904, 0.782285, 0.0045
0.53537, 0.366973, 0.0045
0.94479, 0.233826, 0.0045
0.272948, 0.549741, 0.006
0.00465105, 0.650392, 0.0045
0.869261, 0.99179, 0.006
0.0641671, 0.975388, 0.0045
0.538223, 0.462462, 0.0045
0.331852, 0.327183, 0.0045
0.697007, 0.144674, 0.0045
0.847209, 0.915974, 0.0045
0.986499, 0.73483, 0.0045
0.22842, 0.375269, 0.0045
0.586715, 0.995132, 0.0045
0.920736, 0.848379, 0.006
0.676063, 0.396253, 0.0045
0.581417, 0.157331, 0.0045
0.532565, 0.149617, 0.0045
0.884987, 0.470806, 0.0045
0.720918, 0.716889, 0.0045
0.925906, 0.993026, 0.0045
0.202948, 0.874575, 0.0045
0.702184, 0.347459, 0.006
0.129935, 0.491609, 0.0045
0.994033, 0.00670191, 0.0045
0.283502, 0.976127, 0.0045
0.886025, 0.723255, 0.0045
0.925196, 0.721872, 0.006
0.246992, 0.53453, 0.006
0.891071, 0.731717, 0.0045
0.00595742, 0.745097, 0.0045
0.594616, 0.0574407, 0.0045
0.705614, 0.90384, 0.0045
0.860035, 0.719958, 0.0045
0.633969, 0.963058, 0.0045
0.0104085, 0.851334, 0.0045
0.5577, 0.534347, 0.0045
0.584175, 0.337515, 0.0075
0.41024, 0.563839, 0.0075
0.100649, 0.185861, 0.006
0.517377, 0.138076, 0.0045
0.880996, 0.756402, 0.0045
0.568378, 0.23668, 0.0045
0.623431, 0.601493, 0.0045
0.524028, 0.889351, 0.0045
0.943668, 0.573729, 0.0045
0.128457, 0.370771, 0.0045
0.106444, 0.475921, 0.006
0.889104, 0.856033, 0.0045
0.993765, 0.863461, 0.0045
0.625269, 0.496541, 0.0045
0.901388, 0.728941, 0.0045
0.119833, 0.0652571, 0.0045
0.716035, 0.742714, 0.0045
0.922671, 0.352887, 0.0045
0.245106, 0.588607, 0.0045
0.186601, 0.70965, 0.0045
0.675005, 0.483253, 0.0045
0.967829, 0.703035, 0.0045
0.758155, 0.43448, 0.0045
0.918884, 0.00526476, 0.0045
0.206805, 0.444843, 0.0045
0.913658, 0.0619218, 0.0045
0.514506, 0.204599, 0.0045
0.842534, 0.469373, 0.0045
0.166123, 0.364794, 0.0045
0.145736, 0.943388, 0.0045
0.537727, 0.0212653, 0.0045
0.939259, 0.130763, 0.006
0.536352, 0.284452, 0.0045
0.480665, 0.891294, 0.0045
0.0106514, 0.884478, 0.0045
0.608847, 0.975801, 0.0045
0.314167, 0.0821038, 0.0045
0.651533, 0.0690719, 0.0045
0.316826, 0.84947, 0.0045
0.738086, 0.00494546, 0.0045
0.4048, 0.324076, 0.0045
0.165054, 0.405198, 0.0045
0.935819, 0.19485, 0.0045
0.0509768, 0.484503, 0.0045
0.598277, 0.57969, 0.0045
0.960737, 0.903179, 0.0045
0.125479, 0.106492, 0.0045
0.76463, 0.218849, 0.0045
0.995058, 0.701148, 0.0045
0.499214, 0.71592, 0.0045
0.273462, 0.255832, 0.0045
0.548372, 0.709451, 0.0045
0.973673, 0.514646, 0.0045
0.590291, 0.305118, 0.0045
0.654882, 0.190356, 0.0045
0.379385, 0.237452, 0.0045
0.503823, 0.415063, 0.0045
0.391881, 0.124352, 0.0045
0.560862, 0.0502258, 0.0045
0.454236, 0.943703, 0.006
0.994513, 0.625793, 0.0045
0.158711, 0.949672, 0.0045
0.293123, 0.0184017, 0.0045
0.596818, 0.427437, 0.0045
0.659187, 0.363417, 0.0045
0.497589, 0.0734722, 0.0045
0.909475, 0.86812, 0.0045
0.237619, 0.698184, 0.0045
0.113536, 0.615898, 0.0045
0.696769, 0.234512, 0.0045
0.438546, 0.500303, 0.0045
0.669079, 0.908215, 0.0045
0.637667, 0.349758, 0.006
0.970019, 0.217534, 0.0045
0.880918, 0.0754755, 0.0045
0.210344, 0.548834, 0.0045
0.198673, 0.159637, 0.0045
0.724056, 0.614354, 0.006
0.193853, 0.89722, 0.0045
0.305227, 0.316804, 0.0045
0.0996207, 0.749461, 0.0045
0.994263, 0.728032, 0.0045
0.506506, 0.508809, 0.0045
0.539302, 0.0623826, 0.006
0.65079, 0.232028, 0.0045
0.676134, 0.839092, 0.0045
0.729362, 0.108003, 0.0045
0.422597, 0.492789, 0.0045
0.70795, 0.973418, 0.0045
0.154036, 0.477684, 0.0045
0.115136, 0.995401, 0.0045
0.681942, 0.205981, 0.0045
0.163496, 0.741878, 0.0045
0.178415, 0.529589, 0.0045
0.0937788, 0.561982, 0.0045
0.445143, 0.236894, 0.0045
0.58519, 0.939564, 0.0045
0.0330214, 0.470938, 0.0045
0.202323, 0.834445, 0.006
0.210914, 0.423846, 0.0045
0.163368, 0.379136, 0.0045
0.374577, 0.904219, 0.0045
0.144848, 0.869613, 0.006
0.32836, 0.808753, 0.006
0.853673, 0.347437, 0.0045
0.438999, 0.879461, 0.0045
0.459828, 0.923496, 0.0045
0.757565, 0.41584, 0.0045
0.787665, 0.858445, 0.0045
0.528227, 0.756951, 0.0045
0.277129, 0.993104, 0.0045
0.995284, 0.311459, 0.0045
0.869047, 0.486884, 0.0045
0.856064, 0.749075, 0.0045
0.651837, 0.859272, 0.0045
0.0368395, 0.00678029, 0.0045
0.336553, 0.416893, 0.0045
0.147046, 0.832843, 0.006
0.299498, 0.169926, 0.006
0.541654, 0.718041, 0.0045
0.583512, 0.47678, 0.0045
0.00655666, 0.0341559, 0.0045
0.331938, 0.0425578, 0.0045
0.875105, 0.466174, 0.0045
0.0469879, 0.493269, 0.0045
0.994016, 0.289445, 0.0045
0.944598, 0.652764, 0.0045
0.645899, 0.483945, 0.0045
0.244586, 0.28584, 0.0045
0.674428, 0.870593, 0.0045
0.687271, 0.902314, 0.0045
0.326465, 0.123109, 0.0045
0.0674596, 0.872476, 0.0045
0.292232, 0.330568, 0.0045
0.0868141, 0.366942, 0.0045
0.547761, 0.516683, 0.0045
0.439327, 0.447755, 0.0045
0.970719, 0.413761, 0.0045
0.979333, 0.0881874, 0.0045
0.962467, 0.925786, 0.0045
0.337233, 0.945036, 0.0045
0.129525, 0.670052, 0.0045
0.0385908, 0.397279, 0.006
0.533308, 0.48898, 0.0045
0.333827, 0.208194, 0.0045
0.0983394, 0.154309, 0.0045
0.795508, 0.165256, 0.0045
0.487987, 0.139932, 0.0045
0.0873189, 0.879204, 0.0045
0.666874, 0.962661, 0.0045
0.291336, 0.769075, 0.0045
0.995384, 0.614464, 0.0045
0.917423, 0.299552, 0.0045
0.752783, 0.0768365, 0.0045
0.274749, 0.837589, 0.0045
0.0464252, 0.0214313, 0.0045
0.9687, 0.752817, 0.0045
0.198284, 0.576653, 0.0045
0.415863, 0.905103, 0.0045
0.130527, 0.635213, 0.006
0.992937, 0.742544, 0.0045
0.911047, 0.837014, 0.006
0.943522, 0.327745, 0.0045
0.714833, 0.234302, 0.0045
0.752555, 0.515154, 0.0045
0.514765, 0.0666612, 0.0045
0.172281, 0.00535283, 0.0045
0.372792, 0.280116, 0.0045
0.0583479, 0.385255, 0.0045
0.718017, 0.473397, 0.0045
0.644781, 0.553101, 0.0045
0.373525, 0.993037, 0.0045
0.436775, 0.535452, 0.0045
0.322563, 0.629084, 0.0045
0.897056, 0.0414629, 0.0045
0.0194682, 0.524193, 0.0045
0.875311, 0.476927, 0.0045
0.0814468, 0.9718, 0.0045
0.0193295, 0.587132, 0.0045
0.837194, 0.485752, 0.0045
0.123237, 0.423336, 0.0045
0.677934, 0.187276, 0.0045
0.28522, 0.170236, 0.0045
0.221099, 0.850977, 0.0045
0.305738, 0.415254, 0.006
0.104966, 0.0378952, 0.0045
0.59747, 0.525183, 0.0045
0.144768, 0.336598, 0.0045
0.84709, 0.679308, 0.0045
0.0747504, 0.353424, 0.0045
0.911301, 0.244116, 0.0045
0.423377, 0.151865, 0.0045
0.596987, 0.40548, 0.0045
0.614737, 0.986222, 0.0045
0.661474, 0.640305, 0.0045
0.125088, 0.353542, 0.0045
0.697205, 0.135147, 0.0045
0.154106, 0.715097, 0.0045
0.841447, 0.381524, 0.0045
0.00607182, 0.279328, 0.0045
0.406226, 0.223026, 0.0045
0.272839, 0.529979, 0.0045
0.494503, 0.106148, 0.0045
0.837081, 0.899477, 0.0045
0.67531, 0.822479, 0.0045
0.40795, 0.991841, 0.0045
0.682935, 0.993602, 0.0045
0.00492327, 0.545241, 0.0045
0.136087, 0.005604, 0.0045
0.555659, 0.155026, 0.0045
0.506135, 0.307116, 0.0045
0.0640672, 0.883497, 0.0045
0.46499, 0.680008, 0.0045
0.653898, 0.940282, 0.0045
0.239134, 0.663688, 0.0045
0.389943, 0.765257, 0.0045
0.526878, 0.156955, 0.0045
0.66547, 0.0984797, 0.0045
0.611391, 0.507645, 0.0045
0.964729, 0.385474, 0.0045
0.77409, 0.0339415, 0.0045
0.552216, 0.0658618, 0.0045
0.848758, 0.742292, 0.0045
0.653472, 0.88105, 0.0045
0.363339, 0.296428, 0.0045
0.899226, 0.195456, 0.0045
0.153903, 0.441505, 0.0045
0.567595, 0.0886411, 0.0045
0.301088, 0.739278, 0.0045
0.713611, 0.495702, 0.0045
0.434908, 0.0125334, 0.0045
0.0929202, 0.634614, 0.0045
0.381644, 0.0700417, 0.0045
0.0524037, 0.842627, 0.0045
0.00857504, 0.995301, 0.0045
0.787021, 0.00620873, 0.006
0.683749, 0.0666291, 0.0045
0.710354, 0.961967, 0.0045
0.831385, 0.162953, 0.0045
0.672811, 0.654076, 0.0045
0.161932, 0.994052, 0.0045
0.0551082, 0.268885, 0.0045
0.367755, 0.124319, 0.0045
0.507705, 0.441239, 0.0045
0.0546625, 0.519937, 0.0045
0.85914, 0.919627, 0.0045
0.081418, 0.623339, 0.0045
0.0396881, 0.484793, 0.0045
0.525522, 0.698109, 0.0045
0.104394, 0.894729, 0.0045
0.563138, 0.206391, 0.0045
0.897831, 0.443296, 0.0045
0.0868902, 0.829794, 0.0045
0.694773, 0.168849, 0.0045
0.992947, 0.335673, 0.0045
0.728346, 0.117737, 0.0045
0.891998, 0.535628, 0.0045
0.556855, 0.79644, 0.0045
0.690849, 0.679181, 0.0045
0.429371, 0.700711, 0.0045
0.249222, 0.501587, 0.0045
0.399565, 0.797349, 0.0045
0.637269, 0.862751, 0.0045
0.735543, 0.239064, 0.0045
0.299983, 0.993485, 0.0045
0.178381, 0.767368, 0.0045
0.985984, 0.798817, 0.0045
0.110171, 0.19207, 0.0045
0.799351, 0.259419, 0.0045
0.5436, 0.471295, 0.0045
0.375171, 0.246791, 0.0045
0.0945022, 0.177242, 0.0045
0.458514, 0.0160671, 0.0045
0.229761, 0.224954, 0.0045
0.698009, 0.612234, 0.0045
0.751786, 0.583811, 0.0045
0.502106, 0.0370483, 0.0045
0.613305, 0.293322, 0.0045
0.648476, 0.587867, 0.0045
0.105352, 0.875045, 0.0045
0.0162572, 0.808778, 0.0045
0.317388, 0.569275, 0.0045
0.704574, 0.405565, 0.0045
0.28153, 0.370487, 0.0045
0.663591, 0.676161, 0.0045
0.916477, 0.287272, 0.0045
0.995092, 0.950831, 0.0045
0.20111, 0.988081, 0.0045
0.972003, 0.603436, 0.0045
0.597603, 0.0714288, 0.0045
0.896716, 0.556693, 0.0045
0.960168, 0.788124, 0.0045
0.981833, 0.323275, 0.0045
0.752462, 0.524845, 0.0045
0.395157, 0.433298, 0.0045
0.202175, 0.16874, 0.0045
0.0210174, 0.0373866, 0.0045
0.00468158, 0.735089, 0.0045
0.209213, 0.581099, 0.0045
0.995123, 0.394464, 0.0045
0.0568902, 0.0190011, 0.0045
0.725634, 0.00737636, 0.0045
0.284385, 0.277076, 0.0045
0.333672, 0.0330942, 0.0045
0.219575, 0.709649, 0.0045
0.509489, 0.709107, 0.0045
0.72115, 0.726147, 0.0045
0.0726791, 0.991653, 0.0045
0.082989, 0.806731, 0.0045
0.137255, 0.676333, 0.0045
0.229148, 0.647237, 0.0045
0.197965, 0.190663, 0.0045
0.748853, 0.433382, 0.0045
0.393572, 0.396291, 0.0045
0.63981, 0.385593, 0.0045
0.82172, 0.938844, 0.0045
0.279471, 0.776807, 0.0045
0.189322, 0.0303997, 0.0045
0.652251, 0.38602, 0.0045
0.277097, 0.983318, 0.0045
0.126536, 0.661403, 0.0045
0.337441, 0.584124, 0.0045
0.0609651, 0.648797, 0.0045
0.586825, 0.00535973, 0.0045
0.172153, 0.129314, 0.0045
0.958893, 0.704555, 0.0045
0.0344952, 0.198202, 0.0045
0.987915, 0.675995, 0.0045
0.951555, 0.369463, 0.0045
0.15784, 0.504561, 0.0045
0.936873, 0.852946, 0.0045
0.984738, 0.110799, 0.0045
0.519016, 0.533613, 0.0045
0.490274, 0.015959, 0.0045
0.367556, 0.392806, 0.0045
0.41937, 0.47192, 0.0045
0.658381, 0.105041, 0.0045
0.527721, 0.374078, 0.0045
0.173383, 0.717225, 0.0045
0.964755, 0.636185, 0.0045
0.32421, 0.598997, 0.0045
0.120197, 0.865016, 0.0045
0.627024, 0.954627, 0.0045
0.890663, 0.752087, 0.0045
0.110546, 0.448343, 0.0045
0.554179, 0.879904, 0.0045
0.944445, 0.731105, 0.0045
0.216111, 0.994962, 0.0045
0.235154, 0.780022, 0.0045
0.701647, 0.462577, 0.0045
0.803714, 0.484207, 0.0045
0.0797726, 0.860366, 0.0045
0.351928, 0.273053, 0.0045
0.66481, 0.659827, 0.0045
0.410052, 0.547871, 0.0045
0.00935532, 0.462911, 0.0045
0.00554267, 0.566111, 0.0045
0.273931, 0.400353, 0.0045
0.605651, 0.00507805, 0.0045
0.620298, 0.487387, 0.0045
0.951313, 0.00517438, 0.0045
0.983352, 0.514285, 0.0045
0.187133, 0.646972, 0.0045
0.601505, 0.876889, 0.0045
0.437944, 0.677335, 0.0045
0.376961, 0.13901, 0.0045
0.319241, 0.327602, 0.0045
0.382898, 0.913688, 0.0045
0.711574, 0.717816, 0.0045
0.31727, 0.994971, 0.0045
0.679091, 0.906778, 0.0045
0.886608, 0.626815, 0.0045
0.748794, 0.458055, 0.0045
0.463812, 0.145399, 0.0045
0.603584, 0.915673, 0.0045
0.733296, 0.136666, 0.0045
0.641968, 0.967603, 0.0045
0.00471123, 0.21894, 0.0045
0.0448003, 0.5919, 0.0045
0.444859, 0.277509, 0.0045
0.849984, 0.995375, 0.0045
0.628168, 0.846646, 0.0045
0.442644, 0.425425, 0.0045
0.0955741, 0.484152, 0.0045
0.981636, 0.139289, 0.0045
0.108059, 0.975858, 0.0045
0.506326, 0.331533, 0.0045
0.219852, 0.170339, 0.0045
0.330575, 0.572894, 0.0045
0.207876, 0.455201, 0.0045
0.643607, 0.882064, 0.0045
0.362955, 0.784992, 0.0045
0.216287, 0.308612, 0.0045
0.374494, 0.224344, 0.0045
0.546074, 0.282467, 0.0045
0.203097, 0.247818, 0.0045
0.559481, 0.197134, 0.0045
0.450933, 0.446435, 0.0045
0.379936, 0.00458068, 0.0045
0.669743, 0.97121, 0.0045
0.0134566, 0.503912, 0.0045
0.058557, 0.665311, 0.0045
0.215438, 0.471853, 0.0045
0.80194, 0.100355, 0.0045
0.515529, 0.246166, 0.0045
0.662039, 0.00623751, 0.0045
0.449539, 0.330634, 0.0045
0.48074, 0.0170963, 0.0045
0.594261, 0.719979, 0.0045
0.458359, 0.00494174, 0.0045
0.469957, 0.273875, 0.0045
0.756526, 0.324005, 0.0045
0.48346, 0.317942, 0.0045
0.384428, 0.24634, 0.0045
0.525258, 0.677853, 0.0045
0.328726, 0.285669, 0.0045
0.105993, 0.429945, 0.0045
0.496461, 0.440515, 0.0045
0.135028, 0.337869, 0.0045
0.00502645, 0.584691, 0.0045
0.661126, 0.99469, 0.0045
0.164493, 0.333058, 0.0045
0.653292, 0.243192, 0.0045
0.601077, 0.302669, 0.0045
0.13076, 0.115444, 0.0045
0.219502, 0.921458, 0.0045
0.800313, 0.925083, 0.0045
0.274991, 0.246602, 0.0045
0.200653, 0.595429, 0.0045
0.474582, 0.476444, 0.0045
0.412265, 0.305607, 0.0045
0.722427, 0.498484, 0.0045
0.655601, 0.355158, 0.0045
0.382158, 0.78285, 0.0045
0.849092, 0.764869, 0.0045
0.888761, 0.639232, 0.0045
0.682716, 0.2173, 0.0045
0.771933, 0.833515, 0.0045
0.772403, 0.874475, 0.0045
0.657129, 0.751436, 0.0045
0.573705, 0.178501, 0.0045
0.238933, 0.0256248, 0.0045
0.576658, 0.942912, 0.0045
0.748491, 0.995185, 0.0045
0.291326, 0.569184, 0.0045
0.199894, 0.520386, 0.0045
0.114301, 0.565627, 0.0045
0.942293, 0.356961, 0.0045
0.872068, 0.373196, 0.0045
0.20593, 0.85183, 0.0045
0.0379664, 0.99453, 0.0045
0.931152, 0.103967, 0.0045
0.6648, 0.190037, 0.0045
0.66823, 0.497971, 0.0045
0.178479, 0.0574459, 0.0045
0.264286, 0.756211, 0.0045
0.301882, 0.290141, 0.0045
0.979413, 0.842047, 0.0045
0.812495, 0.384119, 0.0045
0.229828, 0.400289, 0.0045
0.400745, 0.836625, 0.0045
0.648563, 0.570228, 0.0045
0.814705, 0.924689, 0.0045
0.921856, 0.802972, 0.0045
0.920692, 0.22086, 0.0045
0.100807, 0.829896, 0.0045
0.573901, 0.123709, 0.0045
0.510973, 0.227711, 0.0045
0.887338, 0.36282, 0.0045
0.00455789, 0.926223, 0.0045
0.576555, 0.346825, 0.0045
0.856351, 0.885824, 0.0045
0.516906, 0.99526, 0.0045
0.985177, 0.975099, 0.0045
0.349839, 0.132078, 0.0045
0.513952, 0.258204, 0.0045
0.471572, 0.122721, 0.0045
0.505613, 0.494931, 0.0045
0.235755, 0.170216, 0.0045
0.0333674, 0.368535, 0.0045
0.609718, 0.151692, 0.0045
0.844314, 0.803606, 0.0045
0.787064, 0.0810375, 0.0045
0.140518, 0.0150212, 0.0045
0.915131, 0.860944, 0.0045
0.430019, 0.126322, 0.0045
0.0733726, 0.333217, 0.0045
0.677968, 0.767049, 0.0045
0.559075, 0.76594, 0.0045
0.936291, 0.282924, 0.0045
0.233242, 0.72567, 0.0045
0.673088, 0.634083, 0.0045
0.160257, 0.912138, 0.0045
0.239609, 0.845735, 0.0045
0.911776, 0.33351, 0.0045
0.620017, 0.741165, 0.0045
0.676833, 0.106743, 0.0045
0.130522, 0.995226, 0.0045
0.279738, 0.879887, 0.0045
0.724783, 0.626639, 0.0045
0.186805, 0.440042, 0.0045
0.811693, 0.147003, 0.0045
0.856499, 0.678641, 0.0045
0.0287418, 0.524982, 0.0045
0.831693, 0.384502, 0.0045
0.565221, 0.968881, 0.0045
0.718869, 0.602091, 0.0045
0.0153801, 0.65238, 0.0045
0.334189, 0.908305, 0.0045
0.995289, 0.143868, 0.0045
0.0501409, 0.670096, 0.0045
0.860389, 0.188141, 0.0045
0.589807, 0.0269009, 0.0045
0.371628, 0.781887, 0.0045
0.316776, 0.231305, 0.0045
0.838053, 0.960433, 0.0045
0.0723825, 0.488393, 0.0045
0.4462, 0.53614, 0.0045
0.190926, 0.448635, 0.0045
0.949411, 0.050372, 0.0045
0.410239, 0.140603, 0.0045
0.320151, 0.826761, 0.0045
0.0946171, 0.194812, 0.0045
0.958091, 0.958217, 0.0045
0.693215, 0.974382, 0.0045
0.738765, 0.611093, 0.0045
0.502295, 0.679063, 0.0045
0.707953, 0.669916, 0.0045
0.524325, 0.981685, 0.0045
0.444511, 0.288094, 0.0045
0.599642, 0.850503, 0.0045
0.204456, 0.080725, 0.0045
0.951574, 0.40401, 0.0045
0.230431, 0.956708, 0.0045
0.538008, 0.192959, 0.0045
0.907817, 0.231579, 0.0045
0.233754, 0.768875, 0.0045
0.487813, 0.97005, 0.0045
0.00564245, 0.0927516, 0.0045
0.00464143, 0.814221, 0.0045
0.586081, 0.313367, 0.0045
0.0683144, 0.983596, 0.0045
0.967394, 0.803799, 0.0045
0.699428, 0.382007, 0.0045
0.729653, 0.0329892, 0.0045
0.377654, 0.114635, 0.0045
0.995447, 0.838093, 0.0045
0.140841, 0.163976, 0.0045
0.942684, 0.0677976, 0.0045
0.866125, 0.820637, 0.0045
0.666735, 0.783566, 0.0045
0.00465621, 0.339378, 0.0045
0.320561, 0.00455127, 0.0045
0.134814, 0.426806, 0.0045
0.397846, 0.608649, 0.0045
0.144697, 0.843087, 0.0045
0.873709, 0.639552, 0.0045
