0.473966, 0.613551, 0.035
0.319524, 0.812291, 0.005
0.0930899, 0.15391, 0.09
0.424978, 0.114413, 0.01
0.321039, 0.244096, 0.05
0.196364, 0.901628, 0.085
0.444455, 0.560187, 0.025
0.773484, 0.697743, 0.075
0.320534, 0.79388, 0.01
0.00733467, 0.102613, 0.005
0.443614, 0.0926478, 0.015
0.274929, 0.438765, 0.105
0.814344, 0.852305, 0.08
0.249491, 0.724346, 0.04
0.134083, 0.587539, 0.095
0.53167, 0.244187, 0.155
0.970046, 0.670815, 0.025
0.250894, 0.799264, 0.03
0.570679, 0.839957, 0.16
0.281044, 0.159761, 0.04
0.505306, 0.456899, 0.055
0.937039, 0.897622, 0.015
0.159879, 0.748792, 0.05
0.512338, 0.664767, 0.02
0.903719, 0.738213, 0.035
0.244567, 0.019516, 0.015
0.583923, 0.0344769, 0.03
0.743156, 0.447519, 0.045
0.914283, 0.525037, 0.06
0.0429167, 0.43313, 0.04
0.629004, 0.563444, 0.06
0.493805, 0.0780271, 0.015
0.96197, 0.871963, 0.02
0.732675, 0.58113, 0.045
0.876536, 0.681383, 0.025
0.672342, 0.047068, 0.045
0.975217, 0.146922, 0.02
0.840246, 0.440167, 0.05
0.243329, 0.266653, 0.03
0.291819, 0.550266, 0.005
0.965854, 0.58724, 0.02
0.300465, 0.628065, 0.065
0.565691, 0.506489, 0.02
0.377871, 0.72007, 0.05
0.6653, 0.456241, 0.03
0.868479, 0.633615, 0.02
0.34795, 0.977575, 0.02
0.0818911, 0.715985, 0.03
0.0143959, 0.062366, 0.01
0.792666, 0.508264, 0.03
0.367217, 0.806985, 0.035
0.801579, 0.339297, 0.055
0.0846604, 0.968108, 0.03
0.845335, 0.165597, 0.11
0.86253, 0.958711, 0.025
0.81893, 0.954155, 0.015
0.619925, 0.631124, 0.005
0.262956, 0.0342207, 0.005
0.426694, 0.0155244, 0.015
0.397517, 0.560433, 0.01
0.196708, 0.237277, 0.025
0.394324, 0.586172, 0.015
0.448521, 0.66845, 0.025
0.978405, 0.251711, 0.02
0.590835, 0.423306, 0.03
0.920679, 0.375784, 0.025
0.0712556, 0.340133, 0.055
0.306202, 0.067804, 0.02
0.91449, 0.317062, 0.03
0.234839, 0.176789, 0.005
0.746484, 0.965803, 0.03
0.0927732, 0.802305, 0.025
0.944743, 0.697076, 0.01
0.299591, 0.0983655, 0.01
0.0935946, 0.861003, 0.025
0.617529, 0.489284, 0.015
0.684755, 0.490227, 0.005
0.937596, 0.79928, 0.03
0.862009, 0.0287294, 0.025
0.189101, 0.119449, 0.01
0.527337, 0.543508, 0.02
0.939726, 0.626424, 0.025
0.831215, 0.524756, 0.01
0.988724, 0.849182, 0.01
0.306652, 0.954005, 0.025
0.334327, 0.544397, 0.015
0.812265, 0.59135, 0.035
0.349291, 0.0311222, 0.03
0.0549617, 0.85979, 0.01
0.375021, 0.151985, 0.025
0.0410988, 0.839768, 0.005
0.527896, 0.595166, 0.02
0.905144, 0.282394, 0.005
0.0824457, 0.482172, 0.02
0.551024, 0.565504, 0.01
0.0138565, 0.734814, 0.01
0.166511, 0.416703, 0.005
0.724362, 0.11088, 0.02
0.97892, 0.922495, 0.02
0.0383903, 0.892277, 0.025
0.155577, 0.429565, 0.01
0.435395, 0.475823, 0.015
0.645656, 0.498331, 0.005
0.3856, 0.975384, 0.015
0.939366, 0.980168, 0.015
0.981589, 0.954406, 0.01
0.551333, 0.0145999, 0.005
0.494816, 0.561588, 0.015
0.010638, 0.0360684, 0.01
0.166065, 0.328328, 0.04
0.376841, 0.868847, 0.025
0.184345, 0.697108, 0.005
0.244623, 0.0532208, 0.015
0.0420018, 0.0272038, 0.02
0.348192, 0.167564, 0.005
0.00539755, 0.485461, 0.005
0.0806407, 0.0121606, 0.01
0.141142, 0.0188562, 0.015
0.961618, 0.223129, 0.01
0.16433, 0.0449947, 0.01
0.867261, 0.606447, 0.005
0.892678, 0.946711, 0.005
0.0147159, 0.308255, 0.005
0.868537, 0.766234, 0.005
0.913425, 0.65223, 0.01
0.278576, 0.554736, 0.005
0.728539, 0.395918, 0.005
0.15912, 0.387207, 0.015
0.974548, 0.296717, 0.025
0.994177, 0.119334, 0.005
0.413567, 0.5785, 0.005
0.0493466, 0.488987, 0.01
0.97762, 0.727357, 0.02
0.332897, 0.176304, 0.01
0.984607, 0.178248, 0.01
0.977298, 0.89229, 0.005
0.263226, 0.54878, 0.005
0.925963, 0.668698, 0.01
0.590415, 0.471081, 0.015
0.129114, 0.803484, 0.01
0.254835, 0.220874, 0.015
0.729721, 0.210551, 0.01
0.269208, 0.0223822, 0.005
0.401857, 0.037418, 0.015
0.43195, 0.631805, 0.01
0.897866, 0.956329, 0.005
0.0592664, 0.817822, 0.01
0.380561, 0.941377, 0.005
0.886911, 0.61161, 0.005
0.436395, 0.414115, 0.025
0.413998, 0.0690093, 0.015
0.968167, 0.982018, 0.01
0.250921, 0.0968821, 0.025
0.28141, 0.325554, 0.005
0.745229, 0.284947, 0.02
0.0605162, 0.767311, 0.02
0.0292244, 0.950819, 0.025
0.947123, 0.76451, 0.005
0.0385233, 0.675863, 0.025
0.36669, 0.92798, 0.01
0.343527, 0.899018, 0.015
0.750293, 0.0185944, 0.015
0.386287, 0.482833, 0.01
0.210387, 0.773254, 0.005
0.91888, 0.917301, 0.01
0.371116, 0.216021, 0.005
0.63478, 0.638459, 0.01
0.728382, 0.0448368, 0.01
0.691545, 0.10922, 0.01
0.963107, 0.207545, 0.005
0.906974, 0.902, 0.005
0.971456, 0.77995, 0.005
0.859232, 0.771688, 0.005
0.361179, 0.326758, 0.03
0.277266, 0.0690984, 0.005
0.405215, 0.516159, 0.025
0.345845, 0.135237, 0.005
0.218638, 0.766339, 0.005
0.241405, 0.324478, 0.01
0.728367, 0.380789, 0.01
0.922287, 0.429107, 0.025
0.908195, 0.939356, 0.01
0.17218, 0.0054339, 0.005
0.297298, 0.778676, 0.015
0.979142, 0.328755, 0.005
0.603387, 0.07233, 0.01
0.982128, 0.499671, 0.01
0.982031, 0.0159255, 0.015
0.37082, 0.948666, 0.005
0.518122, 0.567539, 0.005
0.221799, 0.0416932, 0.01
0.718322, 0.222507, 0.005
0.88519, 0.354636, 0.015
0.871688, 0.297928, 0.015
0.154749, 0.411825, 0.005
0.428383, 0.610596, 0.01
0.0177854, 0.852728, 0.015
0.0238318, 0.626841, 0.02
0.959004, 0.407803, 0.015
0.809291, 0.544726, 0.01
0.915441, 0.590422, 0.005
0.866572, 0.994026, 0.005
0.936825, 0.402494, 0.005
0.553086, 0.0688808, 0.015
0.221762, 0.3136, 0.01
0.94873, 0.962048, 0.005
0.0997756, 0.459276, 0.005
0.336676, 0.848392, 0.015
0.281632, 0.100026, 0.005
0.564213, 0.668646, 0.01
0.772643, 0.0179614, 0.005
0.714586, 0.374784, 0.005
0.373176, 0.577157, 0.005
0.904882, 0.831603, 0.01
0.263864, 0.296921, 0.005
0.201613, 0.0606262, 0.015
0.706019, 0.143345, 0.015
0.332527, 0.105482, 0.02
0.153558, 0.815392, 0.01
0.0695072, 0.920558, 0.015
0.0427617, 0.9232, 0.005
0.0817484, 0.251983, 0.005
0.421531, 0.0415462, 0.005
0.397606, 0.440887, 0.015
0.985592, 0.44951, 0.01
0.0333622, 0.827028, 0.005
0.312955, 0.729445, 0.015
0.0243725, 0.771197, 0.015
0.016733, 0.478191, 0.005
0.346464, 0.926632, 0.01
0.0307941, 0.493218, 0.005
0.479583, 0.0550389, 0.01
0.354441, 0.0843777, 0.01
0.00997125, 0.319979, 0.005
0.968859, 0.769143, 0.005
0.213888, 0.0975781, 0.01
0.405934, 0.922755, 0.02
0.228872, 0.139042, 0.015
0.719508, 0.359906, 0.005
0.691968, 0.647503, 0.02
0.730564, 0.344354, 0.01
0.165459, 0.259864, 0.01
0.113334, 0.446166, 0.01
0.96303, 0.752768, 0.005
0.930499, 0.942395, 0.01
0.811146, 0.00537853, 0.005
0.0489421, 0.987543, 0.01
0.499975, 0.540176, 0.005
0.37316, 0.656812, 0.01
0.460284, 0.512256, 0.015
0.415345, 0.599077, 0.005
0.711058, 0.280232, 0.01
0.377462, 0.604254, 0.005
0.118687, 0.0151714, 0.005
0.269787, 0.314196, 0.01
0.799705, 0.988389, 0.01
0.590503, 0.641386, 0.025
0.458944, 0.0119419, 0.01
0.158731, 0.686191, 0.005
0.825748, 0.280911, 0.005
0.187407, 0.277257, 0.015
0.796737, 0.0528289, 0.01
0.524575, 0.0838039, 0.005
0.709072, 0.232099, 0.005
0.698055, 0.329654, 0.025
0.471204, 0.54088, 0.005
0.246818, 0.560142, 0.01
0.159577, 0.986672, 0.005
0.907706, 0.0494014, 0.02
0.513733, 0.0691209, 0.005
0.0449551, 0.057523, 0.01
0.648359, 0.669583, 0.02
0.419012, 0.440635, 0.005
0.70952, 0.203883, 0.01
0.74056, 0.514967, 0.02
0.61172, 0.47005, 0.005
0.0859511, 0.401098, 0.005
0.945406, 0.463664, 0.005
0.696558, 0.274462, 0.005
0.483664, 0.527621, 0.01
0.701686, 0.531076, 0.01
0.73173, 0.90423, 0.01
0.209113, 0.301598, 0.005
0.956531, 0.44234, 0.01
0.531903, 0.625339, 0.01
0.531886, 0.0388855, 0.02
0.399046, 0.664371, 0.005
0.00654992, 0.0208857, 0.005
0.731025, 0.25339, 0.01
0.187647, 0.080932, 0.005
0.163498, 0.282278, 0.005
0.85908, 0.750242, 0.01
0.389304, 0.641587, 0.01
0.653877, 0.402095, 0.025
0.992945, 0.0453167, 0.005
0.418468, 0.624937, 0.005
0.703782, 0.376619, 0.005
0.694817, 0.165033, 0.005
0.320976, 0.868891, 0.01
0.288359, 0.905967, 0.005
0.160127, 0.478545, 0.015
0.0967364, 0.413915, 0.01
0.90748, 0.891862, 0.005
0.926642, 0.595265, 0.005
0.285372, 0.829728, 0.015
0.984217, 0.812619, 0.015
0.993401, 0.0856424, 0.005
0.908015, 0.954975, 0.005
0.00952885, 0.361882, 0.005
0.369983, 0.190036, 0.01
0.130694, 0.485776, 0.005
0.130037, 0.253043, 0.015
0.990112, 0.522808, 0.005
0.813897, 0.018396, 0.005
0.223017, 0.188783, 0.01
0.372224, 0.631725, 0.005
0.899235, 0.631106, 0.01
0.474233, 0.00656779, 0.005
0.893405, 0.935283, 0.005
0.210519, 0.793167, 0.01
0.539811, 0.676923, 0.005
0.335593, 0.1563, 0.01
0.0457657, 0.794368, 0.01
0.0344086, 0.535665, 0.015
0.319391, 0.310177, 0.01
0.65161, 0.634184, 0.005
0.693614, 0.196493, 0.005
0.102015, 0.765576, 0.01
0.624658, 0.0649636, 0.005
0.106834, 0.00837827, 0.005
0.296109, 0.806148, 0.01
0.977193, 0.633152, 0.01
0.30179, 0.891296, 0.01
0.213097, 0.200194, 0.005
0.030195, 0.733828, 0.005
0.61837, 0.66743, 0.01
0.00672064, 0.819571, 0.005
0.625828, 0.454197, 0.005
0.218223, 0.156445, 0.005
0.698812, 0.246999, 0.01
0.836161, 0.541174, 0.005
0.375222, 0.0880273, 0.01
0.0931695, 0.429568, 0.005
0.970297, 0.198814, 0.005
0.149587, 0.452896, 0.01
0.303248, 0.299707, 0.005
0.544742, 0.64725, 0.015
0.706278, 0.18319, 0.01
0.0374148, 0.283836, 0.01
0.436969, 0.510473, 0.005
0.94371, 0.926248, 0.01
0.352086, 0.17855, 0.005
0.228669, 0.232888, 0.005
0.744028, 0.393989, 0.005
0.506514, 0.0275198, 0.005
0.899213, 0.647024, 0.005
0.422783, 0.589237, 0.005
0.947044, 0.74841, 0.005
0.113664, 0.269824, 0.005
0.0617141, 0.261915, 0.015
0.980189, 0.098817, 0.01
0.453919, 0.0721042, 0.005
0.904068, 0.990714, 0.005
0.107233, 0.0365234, 0.015
0.0740173, 0.0534119, 0.01
0.214076, 0.026791, 0.005
0.989116, 0.324676, 0.005
0.108906, 0.928995, 0.005
0.896886, 0.818713, 0.005
0.326558, 0.92432, 0.01
0.489409, 0.01157, 0.01
0.197707, 0.0242034, 0.01
0.186684, 0.804537, 0.01
0.84688, 0.521782, 0.005
0.120162, 0.419209, 0.01
0.797932, 0.0179365, 0.01
0.708535, 0.51029, 0.01
0.975097, 0.0626373, 0.01
0.0354761, 0.994478, 0.005
0.951007, 0.0553901, 0.015
0.0192327, 0.518449, 0.005
0.279047, 0.0536027, 0.01
0.900993, 0.00885326, 0.005
0.128562, 0.694009, 0.01
0.00934665, 0.00510618, 0.005
0.0762275, 0.895213, 0.01
0.866393, 0.341236, 0.005
0.733319, 0.195341, 0.005
0.0338589, 0.71119, 0.01
0.957987, 0.832566, 0.005
0.316114, 0.885653, 0.005
0.39437, 0.952263, 0.005
0.00807894, 0.661723, 0.005
0.0912314, 0.923351, 0.005
0.367124, 0.550079, 0.015
0.363734, 0.100952, 0.005
0.312233, 0.993797, 0.005
0.938955, 0.956823, 0.005
0.0709939, 0.834082, 0.01
0.281581, 0.0260864, 0.005
0.832648, 0.989294, 0.01
0.815454, 0.0409896, 0.01
0.475101, 0.568955, 0.005
0.244361, 0.994248, 0.005
0.687405, 0.29406, 0.005
0.206247, 0.690424, 0.01
0.988888, 0.986812, 0.01
0.38349, 0.0727473, 0.005
0.109375, 0.431245, 0.005
0.0899661, 0.0510124, 0.005
0.20764, 0.274677, 0.005
0.555498, 0.613134, 0.01
0.410135, 0.886275, 0.005
0.177559, 0.0202384, 0.005
0.861805, 0.372931, 0.01
0.066554, 0.0320866, 0.005
0.618359, 0.0880489, 0.01
0.56766, 0.59295, 0.005
0.969398, 0.0374121, 0.005
0.388216, 0.399391, 0.01
0.186247, 0.0379752, 0.005
0.405525, 0.630506, 0.005
0.72856, 0.0603876, 0.005
0.011514, 0.830016, 0.005
0.917356, 0.683698, 0.005
0.33547, 0.0739648, 0.005
0.383862, 0.900705, 0.005
0.12548, 0.0489904, 0.005
0.596268, 0.0862328, 0.005
0.834906, 0.505452, 0.005
0.419715, 0.453975, 0.005
0.603947, 0.67377, 0.005
0.968967, 0.371987, 0.02
0.186189, 0.101658, 0.005
0.560949, 0.579387, 0.005
0.991909, 0.638923, 0.005
0.706818, 0.363842, 0.005
0.592106, 0.497642, 0.005
0.152922, 0.246178, 0.005
0.906575, 0.615774, 0.005
0.948754, 0.946141, 0.005
0.296576, 0.924104, 0.005
0.694542, 0.403828, 0.015
0.938731, 0.681781, 0.005
0.303886, 0.752473, 0.005
0.623749, 0.649799, 0.005
0.96132, 0.0823819, 0.01
0.190193, 0.200003, 0.01
0.484902, 0.674794, 0.005
0.294079, 0.857906, 0.01
0.898139, 0.0193201, 0.005
0.988009, 0.785674, 0.01
0.52597, 0.0120641, 0.005
0.976876, 0.461757, 0.005
0.928933, 0.958915, 0.005
0.951387, 0.321875, 0.005
0.237383, 0.308971, 0.005
0.0108591, 0.806486, 0.005
0.890896, 0.986817, 0.005
0.233389, 0.0710047, 0.005
0.95371, 0.711235, 0.005
0.0319329, 0.813409, 0.005
0.0185356, 0.795703, 0.005
0.877859, 0.593295, 0.01
0.131495, 0.43736, 0.01
0.292896, 0.0414515, 0.005
0.349145, 0.189362, 0.005
0.58889, 0.675905, 0.005
0.12688, 0.287082, 0.015
0.254695, 0.307068, 0.005
0.321569, 0.754599, 0.01
0.550529, 0.528881, 0.005
0.0872951, 0.756572, 0.005
0.33836, 0.869539, 0.005
0.72846, 0.238336, 0.005
0.0133885, 0.586694, 0.01
0.221521, 0.0168067, 0.005
0.405437, 0.776632, 0.01
0.435944, 0.0569746, 0.01
0.223504, 0.988203, 0.005
0.366214, 0.911875, 0.005
0.48235, 0.653092, 0.005
0.165389, 0.804724, 0.005
0.029271, 0.514518, 0.005
0.113916, 0.400975, 0.005
0.0127014, 0.921864, 0.005
0.234855, 0.165118, 0.005
0.132473, 0.381296, 0.01
0.00529619, 0.279522, 0.005
0.00685414, 0.875045, 0.005
0.51284, 0.634439, 0.005
0.297236, 0.315825, 0.01
0.567928, 0.464777, 0.005
0.403153, 0.013522, 0.005
0.918872, 0.851104, 0.01
0.371064, 0.59625, 0.005
0.734367, 0.319127, 0.01
0.910004, 0.672668, 0.005
0.0413194, 0.818201, 0.005
0.696873, 0.231248, 0.005
0.382313, 0.0456752, 0.005
0.224709, 0.00535614, 0.005
0.233582, 0.206739, 0.01
0.731591, 0.789419, 0.005
0.943608, 0.849052, 0.005
0.00738475, 0.29401, 0.005
0.372616, 0.0625742, 0.005
0.25757, 0.323394, 0.005
0.0208335, 0.824503, 0.005
0.150008, 0.260389, 0.005
0.852241, 0.59598, 0.005
0.391536, 0.462819, 0.005
0.722437, 0.079089, 0.01
0.0320859, 0.559061, 0.005
0.973303, 0.846025, 0.005
0.961346, 0.950495, 0.005
0.169825, 0.0616212, 0.005
0.896845, 0.60839, 0.005
0.430092, 0.454845, 0.005
0.392332, 0.623384, 0.005
0.258574, 0.988406, 0.01
0.0160787, 0.752266, 0.005
0.369051, 0.109543, 0.005
0.994902, 0.482905, 0.005
0.798214, 0.948892, 0.005
0.0204766, 0.261302, 0.015
0.994085, 0.627154, 0.005
0.958542, 0.108891, 0.01
0.810206, 0.279201, 0.005
0.619555, 0.0269956, 0.005
0.347276, 0.947447, 0.01
0.704023, 0.0938438, 0.005
0.0108362, 0.69051, 0.005
0.103967, 0.274795, 0.005
0.978555, 0.205013, 0.005
0.207827, 0.157384, 0.005
0.369484, 0.614935, 0.005
0.123025, 0.462777, 0.005
0.903464, 0.918873, 0.005
0.316752, 0.32506, 0.005
0.95845, 0.189479, 0.005
0.39945, 0.417557, 0.005
0.141695, 0.269782, 0.005
0.989752, 0.558995, 0.01
0.437346, 0.446833, 0.005
0.130763, 0.469455, 0.005
0.482251, 0.0325157, 0.01
0.991178, 0.199059, 0.005
0.988451, 0.869731, 0.005
0.200233, 0.1059, 0.005
0.291383, 0.879438, 0.005
0.388121, 0.415242, 0.005
0.198541, 0.0866287, 0.005
0.403694, 0.855054, 0.005
0.578581, 0.0863706, 0.005
0.0103112, 0.508206, 0.005
0.728771, 0.177047, 0.005
0.70705, 0.297916, 0.005
0.70661, 0.1657, 0.005
0.00534654, 0.719868, 0.005
0.992177, 0.412967, 0.005
0.989558, 0.346167, 0.01
0.0100389, 0.988081, 0.01
0.305503, 0.843454, 0.005
0.0527703, 0.836893, 0.005
0.726784, 0.15328, 0.005
0.919841, 0.987271, 0.005
0.944406, 0.286279, 0.005
0.981131, 0.534229, 0.005
0.83172, 0.0413114, 0.005
0.992843, 0.223616, 0.005
0.224483, 0.0612782, 0.005
0.371233, 0.269758, 0.005
0.687427, 0.368017, 0.01
0.922553, 0.880789, 0.005
0.986987, 0.40404, 0.005
0.891916, 0.384784, 0.005
0.584742, 0.0758803, 0.005
0.902069, 0.457595, 0.005
0.92873, 0.691242, 0.005
0.620837, 0.463127, 0.005
0.31986, 0.696853, 0.005
0.900398, 0.864572, 0.005
0.400508, 0.89541, 0.005
0.847793, 0.498396, 0.005
0.911243, 0.968436, 0.005
0.871186, 0.388322, 0.005
0.501053, 0.528033, 0.005
0.925434, 0.871178, 0.005
0.392416, 0.0191725, 0.005
0.279769, 0.0819593, 0.005
0.772174, 0.933546, 0.01
0.286111, 0.992343, 0.005
0.38694, 0.0554562, 0.005
0.13549, 0.418841, 0.005
0.406819, 0.991801, 0.005
0.72952, 0.227057, 0.005
0.299817, 0.0113292, 0.01
0.91176, 0.601377, 0.005
0.120168, 0.0593754, 0.005
0.744867, 0.377243, 0.005
0.0905498, 0.454209, 0.005
0.35737, 0.0655517, 0.005
0.745384, 0.047639, 0.005
0.784507, 0.977123, 0.005
0.373453, 0.901158, 0.005
0.402956, 0.609475, 0.005
0.713285, 0.495619, 0.005
0.506696, 0.0537347, 0.005
0.825278, 0.493107, 0.005
0.0396958, 0.248111, 0.005
0.733031, 0.919235, 0.005
0.523052, 0.640104, 0.005
0.0990945, 0.259403, 0.01
0.0445196, 0.737187, 0.005
0.987846, 0.696885, 0.005
0.823742, 0.973905, 0.005
0.993513, 0.574083, 0.005
0.380205, 0.915042, 0.005
0.661466, 0.500055, 0.01
0.0117243, 0.545688, 0.005
0.283103, 0.0111699, 0.005
0.0255203, 0.00587612, 0.005
0.207015, 0.141626, 0.005
0.110716, 0.470942, 0.005
0.310215, 0.858048, 0.005
0.0191125, 0.570085, 0.005
0.295141, 0.740442, 0.005
0.326442, 0.82042, 0.005
0.00673596, 0.245286, 0.005
0.316736, 0.554014, 0.005
0.456608, 0.0369644, 0.015
0.41382, 0.484546, 0.005
0.939112, 0.00938999, 0.005
0.982608, 0.117513, 0.005
0.0126633, 0.388582, 0.01
0.688, 0.178234, 0.005
0.961373, 0.898149, 0.005
0.622315, 0.0471058, 0.005
0.413215, 0.61241, 0.005
0.292618, 0.699366, 0.005
0.286126, 0.927496, 0.005
0.0119899, 0.351621, 0.005
0.372922, 0.120493, 0.005
0.134526, 0.0547945, 0.005
0.884659, 0.281354, 0.005
0.308121, 0.906537, 0.005
0.983996, 0.431974, 0.005
0.0840835, 0.0304287, 0.005
0.787529, 0.952241, 0.005
0.940498, 0.835532, 0.005
0.209395, 0.080726, 0.005
0.778055, 0.282807, 0.005
0.851451, 0.284079, 0.005
0.00547069, 0.606288, 0.005
0.567201, 0.0855701, 0.005
0.854385, 0.994375, 0.005
0.619731, 0.00799996, 0.005
0.433224, 0.590154, 0.005
0.856516, 0.720768, 0.01
0.454542, 0.0612559, 0.005
0.14565, 0.405349, 0.005
0.932379, 0.278586, 0.005
0.772053, 0.034251, 0.01
0.823505, 0.0147902, 0.005
0.193932, 0.174613, 0.01
0.689701, 0.515976, 0.005
0.97039, 0.430794, 0.005
0.42043, 0.644172, 0.005
0.95811, 0.030946, 0.005
0.112813, 0.69877, 0.005
0.218185, 0.329281, 0.005
0.573766, 0.455363, 0.005
0.0859082, 0.280798, 0.005
0.872021, 0.325013, 0.01
0.89855, 0.972494, 0.005
0.0170956, 0.716812, 0.005
0.406666, 0.865461, 0.005
0.464557, 0.081251, 0.005
0.830188, 0.00585293, 0.005
0.680266, 0.678617, 0.01
0.524705, 0.514438, 0.005
0.957177, 0.936131, 0.005
0.621603, 0.406619, 0.005
0.895469, 0.889317, 0.005
0.976535, 0.0470236, 0.005
0.965947, 0.960299, 0.005
0.695048, 0.50215, 0.005
0.990776, 0.0638837, 0.005
0.0348067, 0.477531, 0.005
0.409119, 0.463022, 0.005
0.980966, 0.476186, 0.005
0.563647, 0.5442, 0.005
0.896211, 0.908113, 0.005
0.102143, 0.399752, 0.005
0.929596, 0.0247412, 0.01
0.40471, 0.400247, 0.005
0.0386538, 0.751118, 0.005
0.00720105, 0.536106, 0.005
0.0304221, 0.593069, 0.005
0.785323, 0.00505967, 0.005
0.959068, 0.462243, 0.005
0.284136, 0.296303, 0.01
0.101416, 0.900411, 0.005
0.0287177, 0.984888, 0.005
0.911677, 0.00897038, 0.005
0.0929329, 0.440484, 0.005
0.00563518, 0.894912, 0.005
0.798222, 0.972491, 0.005
0.530301, 0.0745036, 0.005
0.0100415, 0.563431, 0.005
0.310812, 0.918865, 0.005
0.143943, 0.695969, 0.005
0.398578, 0.0884153, 0.005
0.835772, 0.938244, 0.005
0.991803, 0.611801, 0.005
0.978002, 0.701771, 0.005
0.788926, 0.0357357, 0.005
0.057483, 0.93781, 0.005
0.122223, 0.00579774, 0.005
0.982211, 0.769573, 0.005
0.319476, 0.770153, 0.005
0.413802, 0.567865, 0.005
0.231668, 0.682121, 0.005
0.966482, 0.455289, 0.005
0.646069, 0.487653, 0.005
0.63246, 0.439644, 0.005
0.665955, 0.631808, 0.005
0.778872, 0.398992, 0.005
0.970584, 0.172362, 0.005
0.315213, 0.837491, 0.005
0.00527122, 0.647836, 0.005
0.709749, 0.388874, 0.005
0.0353919, 0.504462, 0.005
0.946244, 0.0316795, 0.005
0.281263, 0.037178, 0.005
0.374511, 0.280423, 0.005
0.205163, 0.207706, 0.005
0.264628, 0.0679133, 0.005
0.120788, 0.477274, 0.005
0.176474, 0.690702, 0.005
0.154887, 0.0569667, 0.005
0.373897, 0.293281, 0.005
0.387397, 0.543421, 0.005
0.112958, 0.685297, 0.005
0.994618, 0.753875, 0.005
0.958589, 0.348662, 0.005
0.404564, 0.835501, 0.005
0.386385, 0.614186, 0.005
0.433086, 0.531553, 0.005
0.40816, 0.649885, 0.005
0.960216, 0.702321, 0.005
0.34464, 0.0682534, 0.005
0.176271, 0.994963, 0.005
0.149788, 0.285156, 0.005
0.318186, 0.898967, 0.005
0.148442, 0.0436811, 0.005
0.40538, 0.966556, 0.005
0.505573, 0.0072697, 0.005
0.164051, 0.0213441, 0.005
0.335628, 0.135378, 0.005
0.435293, 0.0377905, 0.005
0.945541, 0.02125, 0.005
0.356086, 0.120077, 0.005
0.969346, 0.618918, 0.005
0.19098, 0.138461, 0.005
0.895762, 0.780478, 0.005
0.813819, 0.993753, 0.005
0.219878, 0.077086, 0.005
0.755223, 0.0544658, 0.005
0.731833, 0.0278063, 0.005
0.439152, 0.497495, 0.005
0.932713, 0.861546, 0.005
0.407643, 0.804613, 0.005
0.994134, 0.541936, 0.005
0.0634691, 0.874617, 0.005
0.64465, 0.626831, 0.005
0.502014, 0.0405412, 0.005
0.89978, 0.854028, 0.005
0.287268, 0.895283, 0.005
0.267938, 0.0106375, 0.005
0.720082, 0.300038, 0.005
0.204131, 0.0081454, 0.005
0.823527, 0.55078, 0.005
0.990273, 0.423902, 0.005
0.994685, 0.769342, 0.005
0.333415, 0.938643, 0.005
0.548167, 0.668101, 0.005
0.00862275, 0.906782, 0.005
0.298257, 0.70943, 0.005
0.275265, 0.767276, 0.005
0.313502, 0.706815, 0.005
0.188701, 0.686199, 0.005
0.790725, 0.556035, 0.005
0.795622, 0.278328, 0.005
0.0207942, 0.551169, 0.005
0.189805, 0.99436, 0.005
0.909068, 0.695609, 0.005
0.313699, 0.823555, 0.005
0.131742, 0.456629, 0.005
0.0235052, 0.0482387, 0.005
0.231087, 0.670316, 0.005
0.745109, 0.364819, 0.005
0.331452, 0.77639, 0.005
0.95108, 0.732663, 0.005
0.850004, 0.508558, 0.005
0.793564, 0.962783, 0.005
0.919106, 0.275698, 0.005
0.303689, 0.330845, 0.005
0.27915, 0.113044, 0.005
0.779594, 0.545389, 0.005
0.986838, 0.886038, 0.005
0.231989, 0.556014, 0.005
0.063586, 0.00965816, 0.005
0.210737, 0.11812, 0.01
0.969807, 0.18529, 0.005
0.130829, 0.0376138, 0.005
0.032394, 0.579241, 0.005
0.92841, 0.838578, 0.005
0.100575, 0.75033, 0.005
0.933232, 0.587479, 0.005
0.960547, 0.176297, 0.005
0.292947, 0.757038, 0.005
0.297556, 0.912705, 0.005
0.695276, 0.211518, 0.005
0.95931, 0.333184, 0.005
0.477629, 0.550365, 0.005
0.815347, 0.980952, 0.005
0.344609, 0.295168, 0.005
0.859922, 0.314736, 0.005
0.391086, 0.994709, 0.005
0.312988, 0.0322729, 0.005
0.511756, 0.519907, 0.005
0.895612, 0.409146, 0.005
0.87946, 0.377448, 0.005
0.124603, 0.990649, 0.005
0.841099, 0.550428, 0.005
0.725877, 0.13999, 0.005
0.274573, 0.993217, 0.005
0.828036, 0.0316308, 0.005
0.516483, 0.618811, 0.005
0.835672, 0.283086, 0.005
0.958357, 0.844103, 0.005
0.318966, 0.983353, 0.005
0.911241, 0.875888, 0.005
0.627366, 0.429579, 0.005
0.954644, 0.908782, 0.005
0.469267, 0.400751, 0.01
0.696008, 0.481885, 0.005
0.728096, 0.00824609, 0.005
0.229444, 0.628018, 0.005
0.127446, 0.397246, 0.005
0.956117, 0.969171, 0.005
0.222302, 0.172254, 0.005
0.993495, 0.396397, 0.005
0.297086, 0.993603, 0.005
0.938773, 0.714661, 0.005
0.977907, 0.21982, 0.005
0.993269, 0.970133, 0.005
0.719185, 0.243879, 0.005
0.853659, 0.608787, 0.005
0.695362, 0.262906, 0.005
0.0448062, 0.725568, 0.005
0.658589, 0.623495, 0.005
0.0926265, 0.891308, 0.005
0.77996, 0.993186, 0.005
0.135203, 0.408166, 0.005
0.961678, 0.00665387, 0.005
0.924787, 0.00511403, 0.005
0.934285, 0.043066, 0.005
0.978264, 0.753637, 0.005
0.663429, 0.64521, 0.005
0.754921, 0.395964, 0.005
0.55516, 0.629608, 0.005
0.984404, 0.618737, 0.005
0.322638, 0.141656, 0.005
0.717949, 0.0055099, 0.005
0.723525, 0.186946, 0.005
0.984328, 0.0381678, 0.005
0.69156, 0.125633, 0.005
0.0749581, 0.278525, 0.005
0.195679, 0.153502, 0.005
0.788598, 0.410559, 0.005
0.422204, 0.0889618, 0.005
0.862996, 0.596579, 0.005
0.0194547, 0.0147368, 0.005
0.908448, 0.981115, 0.005
0.913525, 0.0208753, 0.005
0.233645, 0.545769, 0.005
0.778766, 0.556175, 0.005
0.414867, 0.664005, 0.005
0.00773509, 0.522094, 0.005
0.00659198, 0.335696, 0.005
0.204423, 0.0382595, 0.005
0.568015, 0.480344, 0.005
0.0404939, 0.264282, 0.005
0.291447, 0.114703, 0.005
0.979511, 0.0835926, 0.005
0.109854, 0.481844, 0.005
0.342621, 0.878784, 0.005
0.552616, 0.539996, 0.005
0.9897, 0.469997, 0.005
0.106284, 0.914753, 0.005
0.410498, 0.549227, 0.005
0.993262, 0.362703, 0.005
0.0145868, 0.498982, 0.005
0.948036, 0.352773, 0.005
0.852888, 0.56042, 0.01
0.893637, 0.41987, 0.005
0.944885, 0.338316, 0.005
0.381762, 0.467994, 0.005
0.108033, 0.831806, 0.005
0.925865, 0.702195, 0.005
0.144368, 0.988025, 0.01
0.314443, 0.00644745, 0.005
0.268149, 0.559118, 0.005
0.232256, 0.654162, 0.005
0.902715, 0.80784, 0.005
0.163486, 0.244481, 0.005
0.973762, 0.343767, 0.005
0.848623, 0.76901, 0.005
0.201343, 0.994194, 0.005
0.851453, 0.575492, 0.005
0.788251, 0.470862, 0.005
0.231665, 0.223316, 0.005
0.0627619, 0.796116, 0.005
0.573904, 0.0768785, 0.005
0.466157, 0.0683481, 0.005
0.7207, 0.0268294, 0.005
0.0369213, 0.859938, 0.005
0.892477, 0.0291241, 0.005
0.940501, 0.663356, 0.005
0.722471, 0.163959, 0.005
0.097095, 0.0185649, 0.005
0.676187, 0.495469, 0.005
0.187405, 0.0123089, 0.005
0.343655, 0.771331, 0.005
0.961113, 0.124401, 0.005
0.0060837, 0.788759, 0.005
0.0211747, 0.507473, 0.005
0.492026, 0.0454754, 0.005
0.314094, 0.544175, 0.005
0.969265, 0.334202, 0.005
0.0120781, 0.706374, 0.005
0.687266, 0.134844, 0.005
0.300595, 0.0274446, 0.005
0.982866, 0.834602, 0.005
0.392603, 0.00621861, 0.005
0.226942, 0.298623, 0.005
0.0210787, 0.81411, 0.005
0.165405, 0.452057, 0.005
0.407002, 0.875597, 0.005
0.936922, 0.876146, 0.005
0.303532, 0.0381127, 0.005
0.955993, 0.992903, 0.005
0.735275, 0.0682316, 0.005
0.730099, 0.360551, 0.005
0.75328, 0.0393911, 0.005
0.7674, 0.0537629, 0.005
0.331558, 0.0617457, 0.005
0.96899, 0.827514, 0.005
0.0085133, 0.671944, 0.005
0.989635, 0.595204, 0.005
0.631698, 0.471265, 0.005
0.329819, 0.881497, 0.005
0.106372, 0.0575632, 0.005
0.206746, 0.189027, 0.005
0.709511, 0.262764, 0.005
0.698664, 0.291465, 0.005
0.554115, 0.592228, 0.005
0.84389, 0.93239, 0.005
0.902247, 0.792341, 0.005
0.782432, 0.0212906, 0.005
0.693957, 0.425196, 0.005
0.900178, 0.597788, 0.005
0.314711, 0.84866, 0.005
0.00530472, 0.755936, 0.005
0.626567, 0.0157592, 0.005
0.896075, 0.27795, 0.005
0.994689, 0.383968, 0.005
0.183256, 0.0483571, 0.005
0.987494, 0.89802, 0.005
0.733937, 0.778546, 0.005
0.369243, 0.990763, 0.005
0.443943, 0.528177, 0.005
0.542281, 0.520038, 0.005
0.928703, 0.460542, 0.005
0.979999, 0.544791, 0.005
0.208257, 0.168673, 0.005
0.34897, 0.561616, 0.005
0.878582, 0.993898, 0.005
0.768773, 0.400711, 0.005
0.917452, 0.960534, 0.005
0.158367, 0.0296177, 0.005
0.302474, 0.549472, 0.005
0.234285, 0.59334, 0.005
0.794205, 0.938952, 0.005
0.981806, 0.969685, 0.005
0.281779, 0.866711, 0.005
0.171678, 0.814861, 0.005
0.383724, 0.9547, 0.005
0.3077, 0.558318, 0.005
0.305682, 0.830761, 0.005
0.567349, 0.531911, 0.005
0.257675, 0.199762, 0.005
0.681056, 0.420263, 0.005
0.203676, 0.810094, 0.005
0.906963, 0.682886, 0.005
0.718, 0.397356, 0.005
0.0903096, 0.903959, 0.005
0.686775, 0.153699, 0.005
0.541219, 0.0109593, 0.005
0.89129, 0.654421, 0.005
0.0300566, 0.803089, 0.005
0.32476, 0.333694, 0.005
0.625695, 0.417344, 0.005
0.179994, 0.06055, 0.005
0.862219, 0.586599, 0.005
0.677334, 0.624047, 0.005
0.0279142, 0.747969, 0.005
0.32285, 0.711878, 0.005
0.849104, 0.536107, 0.005
0.614098, 0.0560425, 0.005
0.198964, 0.132015, 0.005
0.950637, 0.00693166, 0.005
0.367862, 0.0743811, 0.005
0.98843, 0.0766072, 0.005
0.00527502, 0.47488, 0.005
0.304337, 0.116795, 0.005
0.899889, 0.879947, 0.005
0.137354, 0.477839, 0.005
0.463339, 0.534593, 0.005
0.801295, 0.0339515, 0.005
0.176047, 0.0320227, 0.005
0.150947, 0.274889, 0.005
0.380262, 0.6251, 0.005
0.41768, 0.653894, 0.005
0.719761, 0.531994, 0.005
0.754883, 0.535915, 0.005
0.701479, 0.221, 0.005
0.978595, 0.422469, 0.005
0.30068, 0.872985, 0.005
0.523711, 0.0634208, 0.005
0.390395, 0.657096, 0.005
0.731684, 0.87618, 0.005
0.083029, 0.269322, 0.005
0.609392, 0.454584, 0.005
0.994261, 0.584334, 0.005
0.399117, 0.472772, 0.005
0.21774, 0.810959, 0.005
0.328076, 0.0807524, 0.005
0.497968, 0.517621, 0.005
0.402084, 0.620064, 0.005
0.363133, 0.956063, 0.005
0.0601294, 0.0630419, 0.005
0.403365, 0.482144, 0.005
0.233856, 0.573853, 0.005
0.264687, 0.0475109, 0.005
0.0301484, 0.792386, 0.005
0.208877, 0.287784, 0.005
0.834579, 0.971432, 0.005
0.0531547, 0.282373, 0.005
0.721168, 0.269095, 0.005
0.915329, 0.458788, 0.005
0.390241, 0.0813754, 0.005
0.404546, 0.82195, 0.005
0.892167, 0.459377, 0.005
0.89563, 0.39522, 0.005
0.892011, 0.964446, 0.005
0.471145, 0.0207573, 0.005
0.990148, 0.209756, 0.005
0.888801, 0.975984, 0.005
0.232374, 0.607061, 0.005
0.895698, 0.587486, 0.005
0.934436, 0.347251, 0.005
0.781239, 0.0535919, 0.005
0.322622, 0.129778, 0.005
0.943299, 0.725488, 0.005
0.227526, 0.333554, 0.005
0.157863, 0.00573264, 0.005
0.0223501, 0.487434, 0.005
0.993826, 0.944198, 0.005
0.980595, 0.194133, 0.005
0.317734, 0.91077, 0.005
0.956297, 0.0183629, 0.005
0.410556, 0.982494, 0.005
0.689551, 0.283644, 0.005
0.95874, 0.763672, 0.005
0.94455, 0.297827, 0.005
0.323155, 0.993049, 0.005
0.718756, 0.174545, 0.005
0.410986, 0.474827, 0.005
0.0960065, 0.283469, 0.005
0.303181, 0.985168, 0.005
0.879141, 0.0547732, 0.005
0.731719, 0.802079, 0.005
0.861036, 0.356059, 0.005
0.82624, 0.538919, 0.005
0.0969745, 0.93525, 0.005
0.478945, 0.665732, 0.005
0.405715, 0.948845, 0.005
0.53357, 0.569486, 0.005
0.0347472, 0.602749, 0.005
0.224811, 0.0265261, 0.005
0.97232, 0.119246, 0.005
0.231229, 0.643329, 0.005
0.384117, 0.567973, 0.005
0.00636276, 0.573083, 0.005
0.38005, 0.00721058, 0.005
0.231529, 0.99441, 0.005
0.00504338, 0.374699, 0.005
0.234513, 0.767992, 0.005
0.513766, 0.0158337, 0.005
0.693923, 0.0924493, 0.005
0.270526, 0.20596, 0.005
0.861503, 0.280222, 0.005
0.732251, 0.931981, 0.005
0.303624, 0.700079, 0.005
0.690455, 0.220369, 0.005
0.99318, 0.10805, 0.005
0.895876, 0.446462, 0.005
0.516586, 0.0060915, 0.005
0.0863294, 0.932356, 0.005
0.358728, 0.109781, 0.005
0.888971, 0.0132365, 0.005
0.955843, 0.264928, 0.005
0.918554, 0.975697, 0.005
0.138757, 0.395193, 0.005
0.621003, 0.444758, 0.005
0.221887, 0.216839, 0.005
0.602294, 0.502587, 0.005
0.70127, 0.49379, 0.005
0.0242983, 0.92108, 0.005
0.994518, 0.879272, 0.005
0.850254, 0.662874, 0.005
0.314421, 0.0437254, 0.005
0.993854, 0.706272, 0.005
0.720886, 0.015273, 0.005
0.981607, 0.608077, 0.005
0.3124, 0.0199316, 0.005
0.692578, 0.383267, 0.005
0.0854623, 0.772763, 0.005
0.921895, 0.830705, 0.005
0.0220665, 0.282001, 0.005
0.8544, 0.735712, 0.005
0.733246, 0.888581, 0.005
0.907183, 0.778525, 0.005
0.538232, 0.666933, 0.005
0.029224, 0.569303, 0.005
0.773973, 0.0058327, 0.005
0.933645, 0.847809, 0.005
0.80448, 0.937978, 0.005
0.10214, 0.685316, 0.005
0.741598, 0.355064, 0.005
0.186856, 0.091538, 0.005
0.994449, 0.43444, 0.005
0.362038, 0.943106, 0.005
0.979754, 0.518711, 0.005
0.792936, 0.544117, 0.005
0.0688119, 0.0218153, 0.005
0.143184, 0.0609489, 0.005
0.168847, 0.406132, 0.005
0.975474, 0.484596, 0.005
0.826502, 0.0518003, 0.005
0.368532, 0.586152, 0.005
0.281896, 0.982184, 0.005
0.145672, 0.417906, 0.005
0.940479, 0.756012, 0.005
0.848035, 0.619102, 0.005
0.213916, 0.993141, 0.005
0.971733, 0.443006, 0.005
0.987062, 0.0534123, 0.005
0.789063, 0.399287, 0.005
0.902425, 0.664361, 0.005
0.770643, 0.275988, 0.005
0.369213, 0.641357, 0.005
0.245292, 0.301945, 0.005
0.441681, 0.456176, 0.005
0.475775, 0.0887188, 0.005
0.0754192, 0.0368114, 0.005
0.338426, 0.191308, 0.005
0.405654, 0.794419, 0.005
0.119763, 0.816283, 0.005
0.0445393, 0.828122, 0.005
0.434396, 0.0728328, 0.005
0.97522, 0.562817, 0.005
0.411456, 0.638975, 0.005
0.0859639, 0.0405888, 0.005
0.495864, 0.0564824, 0.005
0.857286, 0.387383, 0.005
0.903778, 0.402411, 0.005
0.117565, 0.488425, 0.005
0.99212, 0.512877, 0.005
0.143089, 0.466778, 0.005
0.955984, 0.199181, 0.005
0.0950466, 0.00700105, 0.005
0.329364, 0.298525, 0.005
0.945249, 0.275701, 0.005
0.894508, 0.925276, 0.005
0.322498, 0.187949, 0.005
0.237837, 0.191228, 0.005
0.0177081, 0.602406, 0.005
0.144653, 0.368449, 0.005
0.183785, 0.185974, 0.005
0.993513, 0.0340759, 0.005
0.285113, 0.91717, 0.005
0.836951, 0.495078, 0.005
0.473638, 0.0752358, 0.005
0.783521, 0.964399, 0.005
0.554021, 0.550044, 0.005
0.324654, 0.830987, 0.005
0.311266, 0.806456, 0.005
0.648778, 0.644582, 0.005
0.136547, 0.816547, 0.005
0.302969, 0.820128, 0.005
0.372949, 0.95989, 0.005
0.381687, 0.0176227, 0.005
0.550167, 0.581436, 0.005
0.981089, 0.412734, 0.005
0.210058, 0.178625, 0.005
0.394796, 0.0633845, 0.005
0.894618, 0.798879, 0.005
0.510172, 0.574746, 0.005
0.365734, 0.570451, 0.005
0.218784, 0.780446, 0.005
0.695188, 0.67336, 0.005
0.697377, 0.471798, 0.005
0.0584114, 0.0478678, 0.005
0.784538, 0.942115, 0.005
0.229823, 0.617982, 0.005
0.0439658, 0.849415, 0.005
0.956492, 0.743597, 0.005
0.0637989, 0.847248, 0.005
0.287079, 0.089879, 0.005
0.513775, 0.0820999, 0.005
0.210786, 0.016069, 0.005
0.972582, 0.79185, 0.005
0.833396, 0.0188598, 0.005
0.0252481, 0.724773, 0.005
0.4448, 0.00523228, 0.005
0.977984, 0.39734, 0.005
0.881206, 0.388924, 0.005
0.0298902, 0.0635251, 0.005
0.993392, 0.833187, 0.005
0.701785, 0.122114, 0.005
0.876951, 0.61003, 0.005
0.394942, 0.843544, 0.005
0.882593, 0.932857, 0.005
0.464423, 0.0571474, 0.005
0.141892, 0.487766, 0.005
0.580149, 0.669851, 0.005
0.724607, 0.494951, 0.005
0.449468, 0.492319, 0.005
0.953965, 0.427164, 0.005
0.378572, 0.994803, 0.005
0.832553, 0.556005, 0.005
0.374247, 0.205937, 0.005
0.0212732, 0.702028, 0.005
0.105182, 0.890983, 0.005
0.381902, 0.930776, 0.005
0.562698, 0.555617, 0.005
0.537065, 0.0823764, 0.005
0.485522, 0.399954, 0.005
0.560535, 0.403081, 0.005
0.292488, 0.981631, 0.005
0.291124, 0.329855, 0.005
0.614829, 0.0168636, 0.005
0.91778, 0.890692, 0.005
0.939786, 0.595161, 0.005
0.165554, 0.693704, 0.005
0.0540173, 0.00517554, 0.005
0.715881, 0.254619, 0.005
0.53622, 0.512044, 0.005
0.953039, 0.721262, 0.005
0.0148826, 0.529275, 0.005
0.223792, 0.1097, 0.005
0.24375, 0.545422, 0.005
0.994174, 0.373756, 0.005
0.742201, 0.0369163, 0.005
0.295498, 0.719407, 0.005
0.0681082, 0.683161, 0.005
0.138139, 0.0453518, 0.005
0.933879, 0.65586, 0.005
0.847421, 0.985238, 0.005
0.016171, 0.371763, 0.005
0.0155995, 0.650734, 0.005
0.734886, 0.0879628, 0.005
0.734197, 0.816658, 0.005
0.00525436, 0.778265, 0.005
0.38401, 0.424567, 0.005
0.183409, 0.0704247, 0.005
0.912085, 0.865858, 0.005
0.889617, 0.374569, 0.005
0.0495828, 0.244452, 0.005
0.485589, 0.542561, 0.005
0.966654, 0.837768, 0.005
0.00512947, 0.304031, 0.005
0.762414, 0.528702, 0.005
0.568309, 0.602961, 0.005
0.219813, 0.68381, 0.005
0.0575367, 0.476261, 0.005
0.939226, 0.454509, 0.005
0.0950808, 0.913802, 0.005
0.281629, 0.937101, 0.005
0.214736, 0.00687429, 0.005
0.0467161, 0.809547, 0.005
0.627172, 0.075486, 0.005
0.00501685, 0.495537, 0.005
0.948296, 0.388542, 0.005
0.0938449, 0.273626, 0.005
0.0250507, 0.994756, 0.005
0.363855, 0.896297, 0.005
0.148393, 0.686872, 0.005
0.308209, 0.761682, 0.005
0.759627, 0.494822, 0.005
0.0290783, 0.836111, 0.005
0.684401, 0.502182, 0.005
0.719464, 0.232476, 0.005
0.408914, 0.0883919, 0.005
0.565024, 0.62522, 0.005
0.63544, 0.498399, 0.005
0.98605, 0.760026, 0.005
0.788242, 0.422094, 0.005
0.956034, 0.238208, 0.005
0.0088125, 0.884971, 0.005
0.290494, 0.0311101, 0.005
0.687361, 0.204367, 0.005
0.88122, 0.98383, 0.005
0.323653, 0.561313, 0.005
0.436268, 0.5205, 0.005
0.8753, 0.276937, 0.005
0.734413, 0.134734, 0.005
0.38003, 0.498924, 0.005
0.491874, 0.649431, 0.005
0.109018, 0.247693, 0.005
0.623148, 0.0370574, 0.005
0.419082, 0.543506, 0.005
0.42236, 0.491113, 0.005
0.114859, 0.992971, 0.005
0.271566, 0.039963, 0.005
0.808336, 0.971935, 0.005
0.0057496, 0.553864, 0.005
0.355968, 0.914867, 0.005
0.168913, 0.682821, 0.005
0.130016, 0.0637867, 0.005
0.446865, 0.443076, 0.005
0.728977, 0.304971, 0.005
0.0475194, 0.704888, 0.005
0.740465, 0.333003, 0.005
0.0859475, 0.831586, 0.005
0.852234, 0.58585, 0.005
0.777756, 0.95008, 0.005
0.408823, 0.00511806, 0.005
0.503196, 0.0180327, 0.005
0.187928, 0.160163, 0.005
0.281463, 0.971234, 0.005
0.324839, 0.890823, 0.005
0.164861, 0.441402, 0.005
0.105671, 0.491538, 0.005
0.145407, 0.8023, 0.005
0.994736, 0.531876, 0.005
0.496375, 0.0260181, 0.005
0.393293, 0.606895, 0.005
0.917207, 0.901994, 0.005
0.106809, 0.284513, 0.005
0.868188, 0.710998, 0.005
0.247472, 0.200667, 0.005
0.785722, 0.276272, 0.005
0.746547, 0.310239, 0.005
0.410627, 0.898115, 0.005
